date,market,code,name,open,high,low,close,change,volume,value,transactions
2026-05-29,TWSE,00400A,主動國泰動能高息,14.82,14.84,14.68,14.83,0.43,49468303,730794312,7162
2026-05-29,TWSE,00401A,主動摩根台灣鑫收,13.57,13.71,13.56,13.67,0.27,6660666,91000717,934
2026-05-29,TWSE,00403A,主動統一升級50,10.75,10.77,10.62,10.70,0.23,466117885,4981120713,72147
2026-05-29,TWSE,0050,元大台灣50,103.20,105.40,102.70,105.40,4.90,102355526,10636250508,80065
2026-05-29,TWSE,0051,元大中型100,140.00,141.90,139.95,141.90,4.30,76016,10705225,841
2026-05-29,TWSE,0052,富邦科技,60.95,61.60,60.55,61.50,2.10,33405675,2044710043,18839
2026-05-29,TWSE,0053,元大電子,240.80,242.00,239.05,241.20,7.35,28911,6956849,566
2026-05-29,TWSE,0055,元大MSCI金融,35.03,35.19,34.79,35.09,0.24,656462,22931664,472
2026-05-29,TWSE,0056,元大高股息,49.69,50.25,49.50,50.20,1.37,58208526,2906715341,27853
2026-05-29,TWSE,0057,富邦摩台,306.95,309.60,306.35,309.60,10.00,80566,24746981,144
2026-05-29,TWSE,0061,元大寶滬深,24.98,25.28,24.98,25.20,0.45,728586,18333662,309
2026-05-29,TWSE,006203,元大MSCI台灣,188.50,190.05,188.00,190.05,7.30,63679,12024483,159
2026-05-29,TWSE,006204,永豐臺灣加權,222.95,224.45,222.95,224.45,7.80,63464,14233878,106
2026-05-29,TWSE,006205,富邦上証,40.65,41.15,40.65,41.09,0.46,1416118,57893262,267
2026-05-29,TWSE,006206,元大上證50,36.14,36.68,36.04,36.68,0.59,263290,9520484,103
2026-05-29,TWSE,006207,復華滬深,33.59,33.82,33.50,33.82,0.47,255239,8586686,117
2026-05-29,TWSE,006208,富邦台50,238.75,241.40,237.95,241.25,8.10,4423176,1061738414,9686
2026-05-29,TWSE,00625K,富邦上証+R,,,,,0.00,0,0,0
2026-05-29,TWSE,00631L,元大台灣50正2,36.06,37.00,35.76,36.94,2.47,214462278,7814236474,58767
2026-05-29,TWSE,00632R,元大台灣50反1,10.47,10.53,10.33,10.35,-0.38,169913997,1769912980,19345
2026-05-29,TWSE,00633L,富邦上証正2,53.00,54.50,52.80,54.35,2.05,7015107,377283511,1018
2026-05-29,TWSE,00634R,富邦上証反1,3.04,3.04,3.00,3.01,-0.06,1383539,4179620,56
2026-05-29,TWSE,00635U,期元大S&P黃金,46.93,47.17,46.92,47.10,1.37,5411789,254455884,3096
2026-05-29,TWSE,00636,國泰中國A50,28.67,29.18,28.67,29.15,0.59,1116891,32363818,375
2026-05-29,TWSE,00636K,國泰中國A50+U,9.29,9.29,9.29,9.29,0.15,200,1858,2
2026-05-29,TWSE,00637L,元大滬深300正2,21.76,22.46,21.75,22.40,0.86,40058978,886504362,5541
2026-05-29,TWSE,00638R,元大滬深300反1,6.48,6.48,6.38,6.38,-0.14,399175,2564803,60
2026-05-29,TWSE,00639,富邦深100,18.37,18.60,18.25,18.58,0.29,2074829,38415657,445
2026-05-29,TWSE,00640L,富邦日本正2,101.55,103.60,101.55,103.55,4.75,288423,29520869,235
2026-05-29,TWSE,00641R,富邦日本反1,3.84,3.85,3.80,3.80,-0.11,1462536,5593369,155
2026-05-29,TWSE,00642U,期元大S&P石油,27.89,27.91,27.57,27.68,-1.38,7624391,211450745,3585
2026-05-29,TWSE,00643,群益深証中小,20.34,20.47,20.05,20.34,0.12,2551836,51576500,232
2026-05-29,TWSE,00643K,群益深証中小+R,,,,,0.00,0,0,0
2026-05-29,TWSE,00645,富邦日本,55.40,55.90,55.40,55.90,1.35,1360874,75583074,374
2026-05-29,TWSE,00646,元大S&P500,74.40,74.75,74.40,74.70,0.60,2590946,193307302,2141
2026-05-29,TWSE,00647L,元大S&P500正2,136.50,137.00,136.05,136.95,2.85,66092,9030063,95
2026-05-29,TWSE,00648R,元大S&P500反1,3.95,3.95,3.94,3.95,-0.04,568071,2239449,60
2026-05-29,TWSE,00650L,復華香港正2,16.39,16.69,16.39,16.66,0.58,5281454,87368799,679
2026-05-29,TWSE,00651R,復華香港反1,5.31,5.31,5.29,5.31,-0.09,94762,502687,18
2026-05-29,TWSE,00652,富邦印度,31.89,32.43,31.88,32.38,0.55,284249,9163934,280
2026-05-29,TWSE,00653L,富邦印度正2,45.41,46.16,45.41,45.94,1.15,376326,17256602,180
2026-05-29,TWSE,00654R,富邦印度反1,6.84,6.84,6.77,6.77,-0.13,74760,507838,21
2026-05-29,TWSE,00655L,國泰中國A50正2,36.73,38.02,36.73,37.91,1.48,3777740,141400179,622
2026-05-29,TWSE,00656R,國泰中國A50反1,5.72,5.72,5.65,5.65,-0.14,1439085,8202438,34
2026-05-29,TWSE,00657,國泰日經225,77.10,77.65,76.80,77.55,2.20,30140,2324093,111
2026-05-29,TWSE,00657K,國泰日經225+U,24.74,24.74,24.74,24.74,0.85,100,2474,1
2026-05-29,TWSE,00660,元大歐洲50,44.47,44.47,44.31,44.33,0.53,7583,335994,108
2026-05-29,TWSE,00661,元大日經225,84.65,85.50,84.60,85.45,2.65,127764,10856456,262
2026-05-29,TWSE,00662,富邦NASDAQ,121.75,122.10,121.40,122.10,1.90,2824735,343689385,2822
2026-05-29,TWSE,00663L,國泰臺灣加權正2,105.00,107.90,104.30,107.45,6.85,12011334,1274714319,4817
2026-05-29,TWSE,00664R,國泰臺灣加權反1,1.69,1.70,1.66,1.67,-0.07,32956686,55429245,2189
2026-05-29,TWSE,00665L,富邦恒生國企正2,9.18,9.38,9.17,9.33,0.33,15298278,141722179,1552
2026-05-29,TWSE,00666R,富邦恒生國企反1,9.23,9.28,9.18,9.21,-0.16,320320,2960473,18
2026-05-29,TWSE,00668,國泰美國道瓊,57.95,58.15,57.95,58.10,0.15,119357,6924356,189
2026-05-29,TWSE,00668K,國泰美國道瓊+U,18.52,18.52,18.52,18.52,0.01,200,3704,2
2026-05-29,TWSE,00669R,國泰美國道瓊反1,5.43,5.43,5.40,5.42,-0.01,1739142,9406036,72
2026-05-29,TWSE,00670L,富邦NASDAQ正2,217.75,218.95,217.55,218.95,6.95,867705,189190621,851
2026-05-29,TWSE,00671R,富邦NASDAQ反1,2.39,2.40,2.38,2.38,-0.05,3996315,9521363,207
2026-05-29,TWSE,00673R,期元大S&P原油反1,13.00,13.14,12.99,13.11,0.63,42267169,551962335,3313
2026-05-29,TWSE,00674R,期元大S&P黃金反1,27.43,27.46,27.29,27.40,-0.81,69510,1903993,61
2026-05-29,TWSE,00675L,富邦臺灣加權正2,317.75,326.75,315.50,325.25,21.35,2425515,780154762,2482
2026-05-29,TWSE,00676R,富邦臺灣加權反1,5.75,5.79,5.68,5.69,-0.20,11677440,66954817,1021
2026-05-29,TWSE,00678,群益那斯達克生技,35.88,36.00,35.87,35.99,0.41,354030,12723818,121
2026-05-29,TWSE,00680L,元大美債20正2,6.88,6.93,6.88,6.90,0.16,31708539,219002232,1399
2026-05-29,TWSE,00681R,元大美債20反1,20.99,21.02,20.99,21.02,-0.28,9152,192273,5
2026-05-29,TWSE,00682U,期元大美元指數,,,,,0.00,158,3224,3
2026-05-29,TWSE,00683L,期元大美元指正2,21.08,21.15,21.08,21.13,-0.24,5206,109985,11
2026-05-29,TWSE,00684R,期元大美元指反1,15.24,15.24,15.24,15.24,0.05,14000,213360,1
2026-05-29,TWSE,00685L,群益臺灣加權正2,287.70,295.00,285.15,294.00,19.20,3417841,992518398,4315
2026-05-29,TWSE,00686R,群益臺灣加權反1,1.04,1.04,1.01,1.02,-0.05,10501018,10796274,380
2026-05-29,TWSE,00688L,國泰20年美債正2,6.88,6.91,6.88,6.89,0.16,10781545,74354975,558
2026-05-29,TWSE,00689R,國泰20年美債反1,21.91,21.91,21.87,21.89,-0.32,578145,12647904,32
2026-05-29,TWSE,00690,兆豐藍籌30,80.10,80.20,79.25,79.85,1.75,594356,47359472,530
2026-05-29,TWSE,00692,富邦公司治理,89.15,90.50,89.10,90.45,3.20,1740893,156822989,1641
2026-05-29,TWSE,00693U,期街口S&P黃豆,22.12,22.20,22.12,22.17,0.12,940726,20850596,210
2026-05-29,TWSE,00700,富邦恒生國企,16.62,16.85,16.53,16.84,0.41,591621,9848946,155
2026-05-29,TWSE,00701,國泰股利精選30,33.53,34.22,33.53,34.08,0.55,1399785,47550243,532
2026-05-29,TWSE,00702,國泰標普低波高息,24.02,24.03,24.00,24.03,-0.04,134824,3235960,96
2026-05-29,TWSE,00703,台新MSCI中國,19.25,19.40,19.05,19.36,0.41,29085,558768,80
2026-05-29,TWSE,00706L,期元大S&P日圓正2,19.19,19.23,19.18,19.19,0.04,754989,14497099,160
2026-05-29,TWSE,00707R,期元大S&P日圓反1,,,,,0.00,0,0,0
2026-05-29,TWSE,00708L,期元大S&P黃金正2,88.35,89.30,88.25,89.00,5.15,4251360,377483569,2488
2026-05-29,TWSE,00709,富邦歐洲,38.56,38.90,38.56,38.77,0.33,60041,2324268,193
2026-05-29,TWSE,00710B,復華彭博非投等債,18.87,18.89,18.87,18.88,-0.02,215205,4063310,75
2026-05-29,TWSE,00711B,復華彭博新興債,15.95,16.04,15.95,16.03,0.10,121357,1945231,99
2026-05-29,TWSE,00712,復華富時不動產,8.76,8.78,8.76,8.78,0.02,14742078,129337583,3507
2026-05-29,TWSE,00713,元大台灣高息低波,56.20,56.70,56.05,56.55,0.80,14747633,831829376,7707
2026-05-29,TWSE,00714,群益道瓊美國地產,21.45,21.50,21.35,21.50,0.02,308522,6614717,61
2026-05-29,TWSE,00715L,期街口布蘭特正2,51.85,51.95,50.80,51.00,-4.75,20736499,1064040732,6629
2026-05-29,TWSE,00717,富邦美國特別股,15.00,15.08,15.00,15.08,0.13,426757,6415217,157
2026-05-29,TWSE,00728,第一金工業30,62.75,63.10,62.60,63.05,1.35,192300,12080162,275
2026-05-29,TWSE,00730,富邦臺灣優質高息,27.47,28.10,27.47,28.08,0.61,344922,9663254,300
2026-05-29,TWSE,00731,復華富時高息低波,77.35,77.80,77.00,77.60,0.95,740919,57398566,280
2026-05-29,TWSE,00733,富邦臺灣中小,75.95,75.95,75.00,75.60,1.40,532023,40132039,659
2026-05-29,TWSE,00735,國泰臺韓科技,111.65,113.20,111.60,112.85,4.55,3520574,395919698,2931
2026-05-29,TWSE,00736,國泰新興市場,30.65,30.88,30.65,30.88,0.26,122011,3763853,18
2026-05-29,TWSE,00737,國泰AI機器人,38.78,39.23,38.78,39.23,0.88,264814,10333454,244
2026-05-29,TWSE,00738U,期元大道瓊白銀,60.95,61.50,60.65,61.05,2.95,7699863,470240373,3488
2026-05-29,TWSE,00739,元大MSCI A股,29.09,29.23,28.79,29.08,0.29,39634,1148239,99
2026-05-29,TWSE,00752,中信中國50,22.32,22.80,22.32,22.72,0.44,2859918,64619641,995
2026-05-29,TWSE,00753L,中信中國50正2,9.49,9.73,9.49,9.70,0.37,16697445,160332747,2051
2026-05-29,TWSE,00757,統一FANG+,133.00,133.75,132.75,133.70,3.15,1217942,162200968,2705
2026-05-29,TWSE,00762,元大全球AI,115.35,116.90,115.35,116.90,3.35,874149,101638623,645
2026-05-29,TWSE,00763U,期街口道瓊銅,34.34,34.44,34.28,34.33,0.88,682365,23441403,355
2026-05-29,TWSE,00770,國泰北美科技,67.30,68.05,67.30,68.00,1.80,647607,43887145,603
2026-05-29,TWSE,00771,元大US高息特別股,15.80,15.82,15.78,15.82,0.02,61387,970189,29
2026-05-29,TWSE,00775B,台新投等債15+,31.90,32.10,31.90,32.10,0.00,161164,5173127,13
2026-05-29,TWSE,00783,富邦中証500,29.93,29.97,29.50,29.76,-0.13,290879,8687099,103
2026-05-29,TWSE,00830,國泰費城半導體,89.45,89.90,89.15,89.90,2.40,6173772,552318268,7215
2026-05-29,TWSE,00850,元大臺灣ESG永續,88.15,89.40,88.10,89.15,2.45,685514,60923594,1152
2026-05-29,TWSE,00851,台新全球AI,69.80,70.90,69.80,70.20,0.90,23811,1672840,110
2026-05-29,TWSE,00852L,國泰美國道瓊正2,32.60,32.71,32.55,32.68,0.18,229289,7478495,50
2026-05-29,TWSE,00861,元大全球未來通訊,89.05,90.00,89.05,89.90,1.60,284377,25487749,2417
2026-05-29,TWSE,00865B,國泰US短期公債,47.78,47.84,47.69,47.73,-0.05,4563396,217846480,1124
2026-05-29,TWSE,00875,國泰網路資安,46.71,46.82,46.68,46.82,0.87,129639,6064026,161
2026-05-29,TWSE,00876,元大全球5G,91.00,92.95,91.00,92.65,1.95,121774,11247250,1156
2026-05-29,TWSE,00878,國泰永續高股息,30.58,30.80,30.35,30.76,0.76,71631385,2193256930,25177
2026-05-29,TWSE,00881,國泰台灣科技龍頭,54.40,55.00,54.15,54.90,1.75,11841649,647063129,5919
2026-05-29,TWSE,00882,中信中國高股息,15.35,15.68,15.35,15.67,0.33,13491228,209908208,2233
2026-05-29,TWSE,00885,富邦越南,18.82,18.84,18.69,18.84,0.17,4691314,88108173,1052
2026-05-29,TWSE,00891,中信關鍵半導體,36.15,36.15,35.68,36.05,0.69,31226409,1121117115,9126
2026-05-29,TWSE,00892,富邦台灣半導體,45.00,45.28,44.37,44.60,0.32,4021238,179774852,2194
2026-05-29,TWSE,00893,國泰智能電動車,47.50,48.08,47.46,48.08,1.48,2211622,105922684,1117
2026-05-29,TWSE,00894,中信小資高價30,49.80,50.20,49.65,50.05,1.22,2549264,127351101,1119
2026-05-29,TWSE,00895,富邦未來車,52.15,52.70,52.15,52.65,1.60,1133264,59459949,623
2026-05-29,TWSE,00896,中信綠能及電動車,28.39,28.94,28.39,28.80,0.90,4489166,128991810,1535
2026-05-29,TWSE,00897,富邦基因免疫生技,9.84,9.86,9.82,9.85,0.12,933604,9194942,264
2026-05-29,TWSE,00898,國泰基因免疫革命,8.28,8.30,8.25,8.26,0.11,809757,6698897,311
2026-05-29,TWSE,00899,FT潔淨能源,29.77,29.97,29.76,29.95,0.63,121889,3645184,286
2026-05-29,TWSE,00900,富邦特選高股息30,18.55,18.93,18.55,18.92,0.62,12426768,234055526,3402
2026-05-29,TWSE,00901,永豐智能車供應鏈,46.48,46.90,46.18,46.81,1.49,720475,33535236,312
2026-05-29,TWSE,00902,中信電池及儲能,16.84,17.05,16.84,17.04,0.36,2731724,46422359,921
2026-05-29,TWSE,00903,富邦元宇宙,22.66,22.73,22.62,22.73,0.67,546192,12382411,243
2026-05-29,TWSE,00904,台新臺灣半導體30,42.19,42.50,41.85,42.45,0.90,2345737,98993140,886
2026-05-29,TWSE,00905,FT臺灣Smart,27.01,27.26,26.98,27.22,0.75,1307788,35442505,941
2026-05-29,TWSE,00907,永豐優息存股,15.17,15.37,15.17,15.35,0.28,2801603,42870728,838
2026-05-29,TWSE,00908,富邦入息REITs+,14.43,14.48,14.43,14.47,0.04,276296,3994904,49
2026-05-29,TWSE,00909,國泰數位支付服務,51.30,52.00,51.15,52.00,2.43,4432900,228428213,3182
2026-05-29,TWSE,00910,第一金太空衛星,87.15,88.00,87.00,87.95,2.00,2290630,200605670,5412
2026-05-29,TWSE,00911,兆豐洲際半導體,60.75,61.00,60.00,60.45,1.15,482271,29134212,3562
2026-05-29,TWSE,00912,中信臺灣智慧50,32.15,32.65,32.15,32.60,1.01,1103288,35926020,365
2026-05-29,TWSE,00913,兆豐台灣晶圓製造,52.55,53.00,50.40,51.20,0.80,1486756,75813084,695
2026-05-29,TWSE,00915,凱基優選高股息30,28.94,29.30,28.72,29.06,0.39,9547718,276791517,2107
2026-05-29,TWSE,00916,國泰全球品牌50,28.22,28.32,28.21,28.31,0.29,506112,14295342,283
2026-05-29,TWSE,00917,中信特選金融,21.58,21.58,21.50,21.56,-0.02,1010710,21758804,483
2026-05-29,TWSE,00918,大華優利高填息30,29.06,29.21,28.77,29.20,0.84,27351805,795044209,6925
2026-05-29,TWSE,00919,群益台灣精選高息,28.99,29.02,28.65,29.01,0.60,104284944,3011696773,31156
2026-05-29,TWSE,00920,富邦ESG綠色電力,27.42,27.74,27.42,27.67,0.58,701901,19409875,1003
2026-05-29,TWSE,00921,兆豐龍頭等權重,22.28,22.32,22.16,22.32,0.27,366226,8151461,251
2026-05-29,TWSE,00922,國泰台灣領袖50,39.20,39.68,39.16,39.64,1.31,7749105,305587157,4291
2026-05-29,TWSE,00923,群益台ESG低碳50,41.83,42.19,41.57,42.04,1.27,6874600,288312033,1878
2026-05-29,TWSE,00924,復華S&P500成長,32.58,32.74,32.58,32.74,0.50,3550872,115928378,1421
2026-05-29,TWSE,00926,凱基全球菁英55,25.20,25.33,25.20,25.33,0.16,663611,16780768,307
2026-05-29,TWSE,00927,群益半導體收益,41.17,41.17,40.55,41.03,0.93,18967868,775825745,5694
2026-05-29,TWSE,00929,復華台灣科技優息,30.15,30.30,29.87,30.25,0.85,36307216,1093140056,8760
2026-05-29,TWSE,00930,永豐ESG低碳高息,24.14,24.68,24.12,24.65,0.99,2559581,62395810,681
2026-05-29,TWSE,00932,兆豐永續高息等權,16.85,16.95,16.85,16.94,0.32,2917979,49368571,657
2026-05-29,TWSE,00934,中信成長高股息,26.83,27.25,26.83,27.15,0.72,5314096,143850944,1256
2026-05-29,TWSE,00935,野村臺灣新科技50,61.40,61.55,60.85,61.25,1.30,16570332,1015031377,7152
2026-05-29,TWSE,00936,台新永續高息中小,20.24,20.54,20.24,20.50,0.52,5280100,107999722,1199
2026-05-29,TWSE,00938,凱基優選30,21.80,22.01,21.76,21.90,0.39,1410068,30917249,220
2026-05-29,TWSE,00939,統一台灣高息動能,20.23,20.30,20.10,20.28,0.43,6028567,121757714,1624
2026-05-29,TWSE,00940,元大台灣價值高息,11.91,11.99,11.88,11.98,0.25,34068893,407126779,10046
2026-05-29,TWSE,00941,中信上游半導體,25.45,25.54,25.34,25.54,0.31,1699148,43265291,1146
2026-05-29,TWSE,00943,兆豐電子高息等權,21.88,22.30,21.88,22.23,0.54,164001,3636806,106
2026-05-29,TWSE,00944,野村趨勢動能高息,20.21,20.30,20.10,20.28,0.40,472794,9580224,298
2026-05-29,TWSE,00945B,凱基美國非投等債,14.36,14.37,14.34,14.37,0.01,9543461,137003346,837
2026-05-29,TWSE,00946,群益科技高息成長,14.76,14.91,14.68,14.90,0.51,5611644,82926044,1172
2026-05-29,TWSE,00947,台新臺灣IC設計,38.15,39.00,37.99,38.81,1.51,8488817,327297617,2669
2026-05-29,TWSE,00949,復華日本龍頭,20.66,20.94,20.64,20.92,0.66,1736042,36074545,822
2026-05-29,TWSE,00951,台新日本半導體,17.03,17.23,16.88,17.23,0.46,3085079,52622616,804
2026-05-29,TWSE,00952,凱基台灣AI50,18.60,19.14,18.60,19.11,0.80,3317871,63156963,933
2026-05-29,TWSE,00953B,群益優選非投等債,9.58,9.59,9.56,9.58,0.00,43375099,415289535,5112
2026-05-29,TWSE,00954,中信日本半導體,18.14,18.41,18.05,18.40,0.47,4381488,79961504,659
2026-05-29,TWSE,00956,中信日經高股息,12.33,12.45,12.30,12.45,0.27,608892,7538606,191
2026-05-29,TWSE,00960,野村全球航運龍頭,17.07,17.07,16.90,16.98,-0.18,798086,13517361,513
2026-05-29,TWSE,00961,FT臺灣永續高息,12.10,12.26,12.10,12.26,0.35,3662928,44653087,764
2026-05-29,TWSE,00962,台新AI優息動能,14.83,15.14,14.83,15.10,0.76,2989303,44993219,459
2026-05-29,TWSE,00963,中信全球高股息,12.79,12.79,12.68,12.71,-0.02,1059554,13455228,322
2026-05-29,TWSE,00964,中信亞太高股息,14.21,14.38,14.21,14.38,0.27,3110575,44547307,278
2026-05-29,TWSE,00965,元大航太防衛科技,25.60,25.71,25.58,25.71,0.36,4116211,105562104,1472
2026-05-29,TWSE,00971,野村美國研發龍頭,16.95,17.03,16.95,17.03,0.29,1330712,22622317,423
2026-05-29,TWSE,00972,野村日本動能高息,19.20,19.50,19.20,19.50,0.42,276696,5354484,58
2026-05-29,TWSE,009800,中信NASDAQ,13.16,13.22,13.15,13.22,0.22,2980329,39251786,635
2026-05-29,TWSE,009801,中信美國創新科技,12.50,12.55,12.49,12.55,0.25,1020982,12772770,366
2026-05-29,TWSE,009802,富邦旗艦50,20.25,20.38,19.99,20.26,0.46,14061992,283872087,2363
2026-05-29,TWSE,009803,玉山市值動能50,21.77,22.04,21.77,21.87,0.56,5311413,116449699,617
2026-05-29,TWSE,009804,聯邦台精彩50,23.02,23.43,23.02,23.36,0.72,859098,19977546,357
2026-05-29,TWSE,009805,台新美國電力基建,16.67,16.67,16.57,16.66,-0.05,10951756,181884007,5374
2026-05-29,TWSE,009808,華南永昌優選50,30.00,30.49,30.00,30.46,0.98,1253670,38065226,153
2026-05-29,TWSE,009809,富邦淨零ESG50,16.93,17.10,16.88,17.08,0.53,759740,12927207,85
2026-05-29,TWSE,00980A,主動野村臺灣優選,24.29,24.55,24.20,24.48,0.81,17497954,427420974,3478
2026-05-29,TWSE,009810,玉山全球藍籌100,20.75,20.81,20.75,20.81,0.18,89713,1864266,47
2026-05-29,TWSE,009811,統一美國50,12.98,13.07,12.98,13.07,0.16,3350537,43657801,907
2026-05-29,TWSE,009812,野村日本東證,12.11,12.26,12.11,12.26,0.22,1362820,16629594,369
2026-05-29,TWSE,009813,貝萊德標普卓越50,11.30,11.41,11.30,11.40,0.14,3822909,43488553,895
2026-05-29,TWSE,009816,凱基台灣TOP50,15.14,15.27,15.05,15.20,0.40,155246577,2355220257,29955
2026-05-29,TWSE,009817,國泰日本不動產,8.83,8.95,8.83,8.92,0.13,5378932,47895707,388
2026-05-29,TWSE,009818,華南永昌NASDAQxT,19.56,19.75,19.56,19.74,0.41,865562,17011924,176
2026-05-29,TWSE,009819,中信數據及電力,10.29,10.38,10.29,10.38,0.20,21760157,225120169,3873
2026-05-29,TWSE,00981A,主動統一台股增長,31.66,31.72,31.27,31.54,0.82,205601160,6478477637,58187
2026-05-29,TWSE,00981T,平衡凱基雙核收息,12.06,12.08,12.00,12.07,0.17,4573073,55100451,325
2026-05-29,TWSE,009820,元大納斯達克精選,10.33,10.40,10.33,10.39,0.23,35555476,368409547,2706
2026-05-29,TWSE,00982A,主動群益台灣強棒,24.43,24.54,24.18,24.34,0.53,35427679,862846501,9392
2026-05-29,TWSE,00982D,主動富邦動態入息,9.92,9.94,9.91,9.93,0.06,1581171,15687753,215
2026-05-29,TWSE,00982T,平衡兆豐台美動能,15.57,15.65,15.52,15.64,0.35,163544,2548359,62
2026-05-29,TWSE,00983A,主動中信ARK創新,11.78,12.08,11.78,12.08,0.52,9087319,109196266,1921
2026-05-29,TWSE,00983D,主動富邦複合收益,10.06,10.07,10.05,10.07,0.03,1271635,12790204,298
2026-05-29,TWSE,00984A,主動安聯台灣高息,16.09,16.17,16.04,16.16,0.31,6093342,98084264,1953
2026-05-29,TWSE,00984D,主動聯博全球非投,10.07,10.11,10.07,10.11,0.04,14231590,143504664,870
2026-05-29,TWSE,00985A,主動野村台灣50,21.91,22.17,21.91,22.15,0.57,7896963,174514931,1885
2026-05-29,TWSE,00985B,群益ESG投等債0-5,10.15,10.16,10.13,10.15,0.00,9711610,98522963,1395
2026-05-29,TWSE,00986A,主動台新龍頭成長,14.84,15.08,14.84,15.03,0.25,694809,10421696,224
2026-05-29,TWSE,00987A,主動台新優勢成長,17.84,18.08,17.77,17.90,0.42,5027474,90060657,1546
2026-05-29,TWSE,00988A,主動統一全球創新,21.90,22.12,21.72,22.11,0.90,94535865,2072215535,21741
2026-05-29,TWSE,00989A,主動摩根美國科技,17.82,17.97,17.82,17.96,0.31,2435634,43651527,383
2026-05-29,TWSE,00990A,主動元大AI新經濟,19.67,20.15,19.66,20.15,0.92,46812473,931936204,8708
2026-05-29,TWSE,00991A,主動復華未來50,19.70,19.79,19.55,19.64,0.54,112248713,2209433207,19918
2026-05-29,TWSE,00992A,主動群益科技創新,18.42,18.45,18.20,18.35,0.34,106078671,1946182197,18589
2026-05-29,TWSE,00993A,主動安聯台灣,13.79,13.84,13.68,13.78,0.32,11243090,154823338,2005
2026-05-29,TWSE,00994A,主動第一金台股優,18.52,18.60,18.37,18.48,0.34,8386320,155083293,2349
2026-05-29,TWSE,00995A,主動中信台灣卓越,18.14,18.25,18.00,18.15,0.48,7050966,127859319,1469
2026-05-29,TWSE,00996A,主動兆豐台灣豐收,15.46,15.46,15.19,15.29,0.26,11635581,178137525,2167
2026-05-29,TWSE,00997A,主動群益美國增長,13.20,13.24,13.09,13.24,0.31,19654038,258965920,3105
2026-05-29,TWSE,00999A,主動野村臺灣高息,10.80,10.91,10.78,10.90,0.34,60468225,657149290,9776
2026-05-29,TWSE,01001T,土銀富邦R1,11.54,11.60,11.54,11.60,0.02,14015,161907,10
2026-05-29,TWSE,01002T,土銀國泰R1,14.21,14.21,14.19,14.20,-0.04,49000,695860,10
2026-05-29,TWSE,01004T,土銀富邦R2,10.46,10.49,10.45,10.45,-0.06,80000,836680,60
2026-05-29,TWSE,01007T,兆豐國泰R2,12.72,12.74,12.71,12.71,-0.04,65034,827537,54
2026-05-29,TWSE,01009T,王道圓滿R1,5.73,5.73,5.72,5.72,-0.01,91000,521420,4
2026-05-29,TWSE,01010T,京城樂富R1,9.99,10.00,9.98,10.00,0.00,42000,419550,18
2026-05-29,TWSE,020000,富邦特選蘋果N,33.38,33.38,33.38,33.38,0.00,1000,33380,1
2026-05-29,TWSE,020011,統一微波高息20N,15.30,15.30,15.30,15.30,0.04,1000,15300,1
2026-05-29,TWSE,020012,富邦行動通訊N,25.00,25.00,25.00,25.00,0.00,1000,25000,1
2026-05-29,TWSE,02001L,富邦蘋果正二N,173.00,176.00,169.60,172.30,9.90,297000,51290450,102
2026-05-29,TWSE,020020,元大台股領航N,28.00,28.37,28.00,28.37,0.83,13000,366260,6
2026-05-29,TWSE,020028,元大特選電動車N,21.17,21.18,21.15,21.15,0.87,18000,381060,10
2026-05-29,TWSE,020029,元大ESG高股息N,17.55,17.78,17.50,17.78,0.34,16000,281880,9
2026-05-29,TWSE,020030,統一智慧電動車N,18.68,18.82,18.61,18.82,0.65,4000,74930,4
2026-05-29,TWSE,020031,統一IC設計臺灣N,10.70,10.83,10.58,10.79,0.19,59000,628130,11
2026-05-29,TWSE,020032,元大綠能N,11.01,11.02,10.94,11.02,0.49,16000,176230,5
2026-05-29,TWSE,020034,元大IC設計N,13.91,14.40,13.91,14.40,0.49,68000,968890,15
2026-05-29,TWSE,020036,元大金融配息N,,,,,0.00,0,0,0
2026-05-29,TWSE,020037,元大金融高股息N,8.99,8.99,8.94,8.95,0.04,12000,107450,3
2026-05-29,TWSE,020038,元大ESG配息N,13.64,13.68,13.50,13.68,0.20,26000,353950,6
2026-05-29,TWSE,020039,元大加權N,14.12,14.29,14.12,14.29,0.49,23000,327100,7
2026-05-29,TWSE,1101,台泥,24.10,24.40,23.90,24.40,0.75,49699249,1203347116,8945
2026-05-29,TWSE,1101B,台泥乙特,45.30,45.30,45.30,45.30,-0.05,1641,74351,17
2026-05-29,TWSE,1102,亞泥,32.60,34.00,32.60,34.00,1.60,205245004,6966688853,9496
2026-05-29,TWSE,1103,嘉泥,13.25,13.45,13.20,13.45,0.25,411524,5478141,309
2026-05-29,TWSE,1104,環泥,27.20,27.60,27.20,27.45,0.25,733698,20142104,552
2026-05-29,TWSE,1108,幸福,13.60,13.75,13.60,13.70,0.15,280559,3835039,131
2026-05-29,TWSE,1109,信大,14.45,14.60,14.45,14.60,0.15,109391,1588514,111
2026-05-29,TWSE,1110,東泥,14.10,14.60,14.10,14.60,0.60,267904,3846781,168
2026-05-29,TWSE,1201,味全,12.00,12.25,12.00,12.10,0.10,315183,3837103,322
2026-05-29,TWSE,1203,味王,43.00,44.00,43.00,43.55,0.55,22860,990006,78
2026-05-29,TWSE,1210,大成,51.90,52.60,51.70,52.60,0.80,2674184,139504460,1645
2026-05-29,TWSE,1213,大飲,8.41,8.41,8.17,8.31,0.15,16101,133321,17
2026-05-29,TWSE,1215,卜蜂,128.00,128.00,123.50,125.00,-2.50,2527763,315517433,3786
2026-05-29,TWSE,1216,統一,71.60,73.10,70.80,71.80,1.00,38842511,2800021674,10473
2026-05-29,TWSE,1217,愛之味,9.72,9.74,9.62,9.72,0.08,502027,4856746,489
2026-05-29,TWSE,1218,泰山,18.65,18.85,18.60,18.75,0.25,914125,17115354,513
2026-05-29,TWSE,1219,福壽,12.50,12.65,12.50,12.65,0.15,333610,4194802,263
2026-05-29,TWSE,1220,台榮,11.75,11.80,11.65,11.65,0.00,132002,1542992,319
2026-05-29,TWSE,1225,福懋油,29.55,29.55,29.20,29.25,0.05,99119,2901118,131
2026-05-29,TWSE,1227,佳格,28.00,28.25,27.85,27.95,0.05,1491814,41725813,1023
2026-05-29,TWSE,1229,聯華,39.50,40.20,39.40,39.90,0.50,3503774,139946496,2200
2026-05-29,TWSE,1231,聯華食,84.80,86.00,84.80,85.50,0.80,396387,33882154,495
2026-05-29,TWSE,1232,大統益,148.00,148.50,147.50,147.50,0.00,114263,16915701,169
2026-05-29,TWSE,1233,天仁,27.60,28.00,27.60,28.00,0.00,1081030,30263684,30
2026-05-29,TWSE,1234,黑松,34.35,34.55,34.25,34.40,0.20,151511,5210823,161
2026-05-29,TWSE,1235,興泰,39.80,41.10,39.25,41.10,0.30,25240,1016125,32
2026-05-29,TWSE,1236,宏亞,24.45,24.50,24.40,24.40,0.10,21187,518096,92
2026-05-29,TWSE,1256,鮮活果汁-KY,206.50,212.50,200.50,205.50,7.50,356741,73596488,2479
2026-05-29,TWSE,1301,台塑,45.45,47.90,45.45,47.45,2.40,45838760,2158997525,17639
2026-05-29,TWSE,1303,南亞,92.00,98.60,91.90,98.10,7.60,150486779,14542450841,63626
2026-05-29,TWSE,1304,台聚,12.10,12.25,11.95,12.20,-0.15,8082058,98057946,2401
2026-05-29,TWSE,1305,華夏,12.25,12.55,12.10,12.30,-0.30,4061364,50115696,2521
2026-05-29,TWSE,1307,三芳,30.80,31.40,30.80,31.15,0.40,794717,24762862,528
2026-05-29,TWSE,1308,亞聚,13.00,13.20,12.95,13.10,-0.15,3054408,39948065,1279
2026-05-29,TWSE,1309,台達化,15.80,16.05,15.40,15.70,-0.55,11799948,185783409,4536
2026-05-29,TWSE,1310,台苯,8.05,8.08,7.93,8.04,-0.08,4309039,34459312,1855
2026-05-29,TWSE,1312,國喬,11.00,11.70,10.55,11.35,0.40,25578121,287052248,7039
2026-05-29,TWSE,1312A,國喬特,20.45,20.70,20.40,20.70,-0.20,27000,552700,12
2026-05-29,TWSE,1313,聯成,10.60,10.80,10.50,10.70,0.10,3682345,39197617,1282
2026-05-29,TWSE,1314,中石化,7.11,7.12,7.02,7.04,-0.06,18071555,127518913,3736
2026-05-29,TWSE,1315,達新,61.80,62.00,61.60,61.60,0.00,34247,2119598,35
2026-05-29,TWSE,1316,上曜,10.30,10.40,10.10,10.10,-0.10,2044604,20786801,894
2026-05-29,TWSE,1319,東陽,95.10,95.10,91.80,95.10,8.60,11135579,1058002119,3604
2026-05-29,TWSE,1321,大洋,29.05,29.05,28.55,28.85,0.00,349001,10020830,229
2026-05-29,TWSE,1323,永裕,20.15,20.25,20.05,20.10,-0.05,47091,948422,114
2026-05-29,TWSE,1324,地球,10.25,10.35,10.20,10.30,0.05,83419,855722,110
2026-05-29,TWSE,1325,恆大,27.20,27.30,27.00,27.00,0.00,302631,8201740,211
2026-05-29,TWSE,1326,台化,45.95,49.90,45.80,49.90,4.50,67387982,3298060868,30855
2026-05-29,TWSE,1337,再生-KY,4.76,4.83,4.75,4.82,0.07,695160,3338617,360
2026-05-29,TWSE,1338,廣華-KY,16.30,16.80,16.05,16.35,0.25,434511,7122387,286
2026-05-29,TWSE,1339,昭輝,47.50,47.50,45.50,45.60,0.75,1599566,73997008,1305
2026-05-29,TWSE,1340,勝悅-KY,5.57,5.57,5.42,5.48,0.06,185301,1009153,229
2026-05-29,TWSE,1341,富林-KY,61.60,61.60,60.80,60.80,-0.90,13017,795723,11
2026-05-29,TWSE,1342,八貫,91.70,92.40,91.00,91.60,0.20,215666,19755764,293
2026-05-29,TWSE,1402,遠東新,24.75,25.65,24.55,25.65,0.85,330333051,8424924700,25266
2026-05-29,TWSE,1409,新纖,22.80,22.80,22.80,22.80,2.05,18564858,423278575,4685
2026-05-29,TWSE,1410,南染,26.35,26.60,26.05,26.45,0.30,24945,656309,38
2026-05-29,TWSE,1413,宏洲,9.25,9.40,9.25,9.34,0.09,56856,529894,51
2026-05-29,TWSE,1414,東和,14.30,14.50,14.30,14.50,0.25,199058,2861910,162
2026-05-29,TWSE,1416,廣豐,11.05,11.15,11.05,11.10,0.05,228604,2538636,177
2026-05-29,TWSE,1417,嘉裕,8.05,8.18,8.05,8.16,0.10,192909,1568684,170
2026-05-29,TWSE,1418,東華,18.10,18.55,18.10,18.50,0.50,51696,942305,51
2026-05-29,TWSE,1419,新紡,63.80,64.40,63.40,64.20,0.40,154771,9907082,166
2026-05-29,TWSE,1423,利華,42.40,42.40,41.30,41.50,-0.20,62034,2570999,65
2026-05-29,TWSE,1432,大魯閣,16.45,16.95,16.45,16.80,0.60,718140,12010516,914
2026-05-29,TWSE,1434,福懋,14.95,15.45,14.95,15.45,0.50,3946190,60187660,1175
2026-05-29,TWSE,1436,華友聯,44.25,44.25,43.95,44.25,0.00,167382,7380000,206
2026-05-29,TWSE,1437,勤益控,28.20,28.45,28.20,28.40,0.20,732847,20764142,252
2026-05-29,TWSE,1438,三地開發,20.35,20.35,19.95,20.10,0.20,22086,444055,40
2026-05-29,TWSE,1439,雋揚,26.00,26.00,25.25,25.60,0.10,47170,1210598,21
2026-05-29,TWSE,1440,南紡,12.00,12.55,11.90,12.55,0.65,4968831,61119557,1601
2026-05-29,TWSE,1441,大東,9.23,9.42,9.23,9.30,0.08,56771,527367,115
2026-05-29,TWSE,1442,名軒,25.65,25.80,25.45,25.65,0.10,282052,7217699,232
2026-05-29,TWSE,1443,立益物流,25.05,25.50,25.05,25.15,-0.05,21281,537296,33
2026-05-29,TWSE,1444,力麗,6.05,6.35,6.00,6.25,0.24,3336213,20544322,1135
2026-05-29,TWSE,1445,大宇,11.60,11.80,11.60,11.60,0.00,124701,1464521,50
2026-05-29,TWSE,1446,宏和,15.90,16.10,15.70,15.80,-0.10,274252,4343293,161
2026-05-29,TWSE,1447,力鵬,5.80,6.30,5.75,6.21,0.48,4778674,28993348,1553
2026-05-29,TWSE,1449,佳和,12.50,13.15,12.50,12.80,0.65,2071295,26471331,1164
2026-05-29,TWSE,1451,年興,16.50,16.65,16.45,16.55,0.10,111770,1846904,139
2026-05-29,TWSE,1452,宏益,10.40,10.55,10.40,10.45,0.05,48055,504022,51
2026-05-29,TWSE,1453,大將,11.20,11.35,11.15,11.15,-0.05,77138,866040,159
2026-05-29,TWSE,1454,台富,12.70,12.75,12.55,12.55,-0.10,39891,502833,104
2026-05-29,TWSE,1455,集盛,8.69,8.69,8.45,8.61,0.00,1054624,9022803,527
2026-05-29,TWSE,1456,怡華,12.90,12.90,12.60,12.70,-0.20,39032,497012,22
2026-05-29,TWSE,1457,宜進,13.95,14.05,13.90,14.00,0.05,160109,2238166,102
2026-05-29,TWSE,1459,聯發,11.70,11.75,11.65,11.65,0.00,132518,1547823,98
2026-05-29,TWSE,1460,宏遠,6.83,6.99,6.83,6.94,0.01,698936,4837347,290
2026-05-29,TWSE,1463,強盛新,17.70,18.00,17.70,17.75,0.05,64075,1145680,67
2026-05-29,TWSE,1464,得力,10.10,10.20,10.05,10.20,0.10,438997,4449557,300
2026-05-29,TWSE,1465,偉全,12.20,12.65,12.15,12.45,0.30,175229,2159990,139
2026-05-29,TWSE,1466,聚隆,14.00,14.00,13.50,14.00,0.20,557148,7620130,352
2026-05-29,TWSE,1467,南緯,6.96,6.98,6.88,6.90,0.02,213459,1477438,219
2026-05-29,TWSE,1468,昶和,11.90,12.10,11.70,12.05,0.05,55001,652260,40
2026-05-29,TWSE,1470,大統新創,22.60,22.60,22.50,22.50,0.40,2000,45100,2
2026-05-29,TWSE,1471,首利,10.15,11.15,10.10,11.15,1.00,1897505,20712842,730
2026-05-29,TWSE,1472,三洋實業,89.60,91.00,89.10,90.00,-0.50,42542,3839893,127
2026-05-29,TWSE,1473,台南,19.95,21.10,19.95,21.10,1.00,198453,4101276,195
2026-05-29,TWSE,1474,弘裕,9.60,9.87,9.58,9.87,0.27,203131,1963928,135
2026-05-29,TWSE,1475,業旺,24.90,25.00,24.75,24.90,0.05,38074,946827,41
2026-05-29,TWSE,1476,儒鴻,345.00,346.00,337.50,342.50,2.00,1411037,482150304,1529
2026-05-29,TWSE,1477,聚陽,217.50,219.50,216.00,216.50,-1.00,1746467,379880119,1929
2026-05-29,TWSE,1503,士電,221.00,222.00,216.00,219.00,3.00,6209284,1357149194,7297
2026-05-29,TWSE,1504,東元,73.00,77.50,73.00,75.00,4.10,176360584,13253796461,35828
2026-05-29,TWSE,1506,正道,10.70,10.70,10.15,10.30,-0.15,353330,3638460,194
2026-05-29,TWSE,1512,瑞利,6.82,6.84,6.71,6.74,-0.15,234956,1591114,166
2026-05-29,TWSE,1513,中興電,168.50,169.50,165.00,166.50,1.00,12795546,2125967089,19656
2026-05-29,TWSE,1514,亞力,128.50,129.00,125.00,125.50,0.00,6371134,804716528,7301
2026-05-29,TWSE,1515,力山,21.85,22.15,21.15,21.80,-0.15,2330650,50173202,1233
2026-05-29,TWSE,1516,川飛,21.10,21.10,20.55,20.70,-0.30,64262,1336823,96
2026-05-29,TWSE,1517,利奇,10.00,10.10,9.99,10.00,-0.05,300043,3011841,237
2026-05-29,TWSE,1519,華城,864.00,874.00,834.00,874.00,28.00,3902585,3348120813,8708
2026-05-29,TWSE,1521,大億,29.60,29.60,29.60,29.60,2.65,417246,12350468,227
2026-05-29,TWSE,1522,堤維西,34.50,34.55,33.20,34.55,3.10,13169308,451968225,7570
2026-05-29,TWSE,1522A,堤維西甲特,49.80,49.80,49.80,49.80,-0.20,3000,149400,2
2026-05-29,TWSE,1524,耿鼎,33.80,35.05,32.90,33.45,1.55,20615227,697785341,11351
2026-05-29,TWSE,1525,江申,69.80,70.00,68.80,69.60,0.90,43546,3022151,47
2026-05-29,TWSE,1526,日馳,14.55,14.55,14.30,14.30,-0.05,95805,1376811,104
2026-05-29,TWSE,1527,鑽全,32.85,33.30,32.80,33.00,0.25,338609,11206523,292
2026-05-29,TWSE,1528,恩德,24.50,25.40,24.50,24.90,0.55,3641214,90897176,2002
2026-05-29,TWSE,1529,樂事綠能,22.10,22.65,22.00,22.15,0.15,791275,17544426,525
2026-05-29,TWSE,1530,亞崴,36.80,36.80,34.05,35.50,-0.30,1358302,47723044,1708
2026-05-29,TWSE,1531,高林股,12.20,12.30,12.10,12.10,-0.20,215992,2626182,195
2026-05-29,TWSE,1532,勤美,20.80,21.15,20.80,21.00,0.20,831473,17481764,452
2026-05-29,TWSE,1533,車王電,40.70,41.00,38.75,38.75,-1.85,1104256,43588068,865
2026-05-29,TWSE,1535,中宇,49.05,49.75,48.90,49.40,0.40,66528,3286316,64
2026-05-29,TWSE,1536,和大,52.00,53.70,51.40,52.80,1.50,11270685,593234067,3926
2026-05-29,TWSE,1537,廣隆,125.50,126.00,125.00,125.50,0.00,95618,12011658,137
2026-05-29,TWSE,1538,正峰,11.90,11.90,11.60,11.80,0.00,6776,79335,17
2026-05-29,TWSE,1539,巨庭,16.35,16.75,16.20,16.55,0.55,413976,6844037,256
2026-05-29,TWSE,1540,喬福,21.45,21.60,21.15,21.20,-0.05,377133,8038198,317
2026-05-29,TWSE,1541,錩泰,21.00,22.45,20.80,21.85,1.20,132517,2857890,111
2026-05-29,TWSE,1558,伸興,91.20,91.80,90.80,91.60,0.40,43360,3953509,71
2026-05-29,TWSE,1560,中砂,726.00,731.00,707.00,718.00,1.00,1503335,1078893406,3340
2026-05-29,TWSE,1563,巧新,67.20,67.20,64.00,66.70,5.60,14824089,986154466,8961
2026-05-29,TWSE,1568,倉佑,45.35,45.35,43.85,45.35,4.10,13595230,615652295,7618
2026-05-29,TWSE,1582,信錦,121.50,123.00,116.00,119.50,6.00,12841930,1534432706,11056
2026-05-29,TWSE,1583,程泰,62.30,62.50,59.50,60.00,1.30,469257,28746126,577
2026-05-29,TWSE,1587,吉茂,32.20,32.35,29.85,32.00,-0.10,4398331,136563831,2634
2026-05-29,TWSE,1590,亞德客-KY,1420.00,1420.00,1345.00,1400.00,10.00,1562350,2169077765,1754
2026-05-29,TWSE,1597,直得,185.50,190.00,178.00,180.00,-0.50,7244091,1322789857,7285
2026-05-29,TWSE,1598,岱宇,20.00,20.50,20.00,20.45,0.50,480720,9712104,292
2026-05-29,TWSE,1603,華電,31.25,32.25,31.25,32.10,0.95,767407,24551460,515
2026-05-29,TWSE,1604,聲寶,23.40,23.40,23.05,23.40,0.10,570211,13258936,384
2026-05-29,TWSE,1605,華新,36.65,39.10,36.60,38.75,2.75,102863649,3925201873,40154
2026-05-29,TWSE,1608,華榮,33.80,34.75,33.80,34.50,1.05,7478284,257513216,3521
2026-05-29,TWSE,1609,大亞,38.00,39.45,38.00,39.25,3.35,40746891,1590350973,18279
2026-05-29,TWSE,1611,中電,11.35,11.75,11.35,11.75,0.40,961143,11144606,516
2026-05-29,TWSE,1612,宏泰,37.00,37.85,36.95,37.25,0.50,1966246,73576927,1115
2026-05-29,TWSE,1614,三洋電,31.50,31.60,31.30,31.50,0.30,72790,2288239,101
2026-05-29,TWSE,1615,大山,42.95,43.55,42.75,43.35,0.65,285065,12343508,173
2026-05-29,TWSE,1616,億泰,21.85,22.50,21.55,22.00,0.60,1057310,23241219,664
2026-05-29,TWSE,1617,榮星,14.70,16.00,14.70,15.95,1.40,753307,11684193,423
2026-05-29,TWSE,1618,合機,41.80,43.00,41.80,42.20,1.00,1754053,74323950,1118
2026-05-29,TWSE,1623,大東電,248.00,248.50,239.50,243.50,-2.50,403144,97649621,2558
2026-05-29,TWSE,1626,艾美特-KY,9.99,10.15,9.98,9.99,0.02,102890,1034535,122
2026-05-29,TWSE,1702,南僑,31.00,31.30,31.00,31.25,0.05,531123,16545618,443
2026-05-29,TWSE,1707,葡萄王,101.00,101.00,100.00,101.00,1.00,299058,30095962,368
2026-05-29,TWSE,1708,東鹼,37.00,38.30,36.90,38.20,1.70,2553741,96312404,1722
2026-05-29,TWSE,1709,和益,19.80,19.80,19.25,19.40,-0.20,739828,14370879,597
2026-05-29,TWSE,1710,東聯,13.45,14.55,13.40,13.80,0.30,12493834,176075794,4389
2026-05-29,TWSE,1711,永光,49.00,49.90,48.35,49.10,0.15,10533672,515343341,6924
2026-05-29,TWSE,1712,興農,38.85,39.10,38.50,38.90,0.05,1469112,57105245,950
2026-05-29,TWSE,1713,國化,49.70,49.75,49.15,49.40,0.05,237146,11716853,196
2026-05-29,TWSE,1714,和桐,9.45,9.54,9.39,9.50,0.13,2480828,23512712,916
2026-05-29,TWSE,1717,長興,83.30,84.90,81.20,81.20,-1.20,31906302,2629242349,20840
2026-05-29,TWSE,1718,中纖,6.46,6.63,6.42,6.62,0.22,7095882,46550818,2016
2026-05-29,TWSE,1720,生達,61.40,61.70,61.00,61.60,0.20,228446,14013685,223
2026-05-29,TWSE,1721,國慶科技,28.65,28.80,28.05,28.25,-0.25,2729624,77215818,2006
2026-05-29,TWSE,1722,台肥,46.40,46.60,46.05,46.60,0.50,2427793,112694010,1475
2026-05-29,TWSE,1723,中碳,83.00,83.40,81.50,82.30,-0.50,655076,53743665,813
2026-05-29,TWSE,1725,元禎,31.00,33.80,31.00,32.30,1.50,598053,19672460,603
2026-05-29,TWSE,1726,永記,77.50,78.90,76.70,77.70,0.70,94216,7317486,118
2026-05-29,TWSE,1727,中華化,95.20,95.80,90.40,94.00,-0.20,8961547,830779283,8328
2026-05-29,TWSE,1730,花仙子,52.40,52.70,52.40,52.50,0.10,31232,1640741,71
2026-05-29,TWSE,1731,美吾華,21.25,21.35,21.25,21.35,0.05,122864,2619340,120
2026-05-29,TWSE,1732,毛寶,26.75,26.75,26.35,26.35,-0.25,170692,4517703,165
2026-05-29,TWSE,1733,五鼎,29.40,30.10,29.40,29.90,0.45,311479,9323770,191
2026-05-29,TWSE,1734,杏輝,30.75,30.85,30.60,30.70,0.00,542183,16683736,396
2026-05-29,TWSE,1735,日勝化,24.55,25.40,24.35,25.00,0.50,488898,12207129,351
2026-05-29,TWSE,1736,喬山,116.00,119.50,113.50,119.50,3.50,939255,109385894,662
2026-05-29,TWSE,1737,臺鹽,31.45,31.70,31.40,31.55,0.10,165962,5233861,173
2026-05-29,TWSE,1752,南光,32.40,32.85,32.30,32.85,0.35,134686,4385655,72
2026-05-29,TWSE,1760,寶齡富錦,59.90,61.00,59.90,60.30,0.60,211584,12770908,184
2026-05-29,TWSE,1762,中化生,40.45,40.45,38.95,39.05,-0.90,584136,22975890,723
2026-05-29,TWSE,1773,勝一,186.00,190.00,182.00,186.50,2.50,1277073,236524668,1874
2026-05-29,TWSE,1776,展宇,18.25,18.30,18.10,18.20,0.05,144232,2621121,73
2026-05-29,TWSE,1783,和康生,38.35,38.90,38.35,38.80,0.40,79027,3053993,102
2026-05-29,TWSE,1786,科妍,52.80,53.10,52.20,52.60,0.40,252191,13277830,258
2026-05-29,TWSE,1789,神隆,19.35,19.80,19.25,19.75,0.55,1127191,22154999,630
2026-05-29,TWSE,1795,美時,190.50,198.00,190.00,195.00,6.00,2537339,495345114,2564
2026-05-29,TWSE,1802,台玻,71.90,72.90,69.80,71.90,1.50,78210167,5583146995,42510
2026-05-29,TWSE,1805,寶徠,10.15,10.15,10.05,10.15,0.05,53941,543406,41
2026-05-29,TWSE,1806,冠軍,7.93,8.00,7.92,7.99,0.06,371262,2957160,270
2026-05-29,TWSE,1808,潤隆,28.35,29.50,28.35,29.50,1.35,2274490,66314114,948
2026-05-29,TWSE,1809,中釉,43.30,44.20,41.20,43.55,1.80,8472822,360429767,5441
2026-05-29,TWSE,1810,和成,20.10,20.35,19.50,19.50,-0.50,3605845,71122740,1703
2026-05-29,TWSE,1817,凱撒衛,39.00,39.30,39.00,39.25,0.20,38581,1510845,44
2026-05-29,TWSE,1903,士紙,49.05,49.40,48.85,49.20,0.20,197745,9709149,175
2026-05-29,TWSE,1904,正隆,18.90,19.20,18.90,19.00,0.20,1512565,28810383,1168
2026-05-29,TWSE,1905,華紙,11.95,12.15,11.90,11.95,0.00,3276333,39239346,1212
2026-05-29,TWSE,1906,寶隆,10.05,10.35,10.05,10.10,0.05,93814,953174,113
2026-05-29,TWSE,1907,永豐餘,24.30,24.55,24.15,24.20,-0.05,1201849,29247565,670
2026-05-29,TWSE,1909,榮成,8.95,9.01,8.88,8.93,0.02,3598432,32122413,768
2026-05-29,TWSE,2002,中鋼,19.05,19.40,19.00,19.10,0.25,79358213,1517967595,18188
2026-05-29,TWSE,2002A,中鋼特,38.50,38.55,38.50,38.50,0.00,22001,847388,20
2026-05-29,TWSE,2006,東和鋼鐵,66.90,67.60,66.60,67.60,1.20,3585466,241171504,2238
2026-05-29,TWSE,2007,燁興,7.49,7.58,7.42,7.50,0.09,452403,3393483,205
2026-05-29,TWSE,2008,高興昌,28.25,29.00,28.25,28.85,0.60,43637,1253280,70
2026-05-29,TWSE,2009,第一銅,39.00,40.15,39.00,39.40,0.60,2058853,81543096,1366
2026-05-29,TWSE,2010,春源,22.95,23.25,22.95,23.25,0.40,1937281,44765519,702
2026-05-29,TWSE,2012,春雨,14.65,14.70,14.40,14.45,-0.05,103864,1506403,105
2026-05-29,TWSE,2013,中鋼構,42.45,42.75,42.20,42.45,0.05,99774,4231330,141
2026-05-29,TWSE,2014,中鴻,18.05,18.50,18.05,18.35,0.50,8569463,156697636,2685
2026-05-29,TWSE,2015,豐興,62.10,64.30,61.80,64.30,2.50,682944,43424469,312
2026-05-29,TWSE,2017,官田鋼,8.95,9.06,8.92,8.99,0.00,742839,6687230,415
2026-05-29,TWSE,2020,美亞,21.15,21.30,21.05,21.15,0.10,411510,8701690,305
2026-05-29,TWSE,2022,聚亨,7.67,7.68,7.53,7.68,0.09,756814,5774286,478
2026-05-29,TWSE,2023,燁輝,13.60,13.80,13.60,13.65,0.00,1636085,22384917,757
2026-05-29,TWSE,2024,志聯,14.10,14.30,14.05,14.10,0.00,51038,722540,57
2026-05-29,TWSE,2025,千興,12.15,12.15,11.85,11.90,-0.10,242480,2897236,158
2026-05-29,TWSE,2027,大成鋼,42.15,42.50,41.60,41.65,-0.10,17386615,728331532,7513
2026-05-29,TWSE,2028,威致,16.70,16.90,16.70,16.75,0.10,130526,2197520,88
2026-05-29,TWSE,2029,盛餘,20.35,20.45,20.20,20.35,0.05,451187,9163784,175
2026-05-29,TWSE,2030,彰源,18.10,18.15,17.80,17.95,0.20,804106,14420429,427
2026-05-29,TWSE,2031,新光鋼,38.60,39.50,38.60,39.35,0.65,1182549,46452704,738
2026-05-29,TWSE,2032,新鋼,18.00,18.50,17.65,17.85,0.05,931006,16700160,581
2026-05-29,TWSE,2033,佳大,15.15,15.45,15.10,15.45,0.20,109436,1668989,63
2026-05-29,TWSE,2034,允強,20.05,20.25,19.95,20.10,0.00,1765002,35356039,864
2026-05-29,TWSE,2038,海光,13.90,14.00,13.60,13.80,0.15,746911,10283245,512
2026-05-29,TWSE,2049,上銀,402.50,406.00,384.00,389.00,1.00,7950787,3127175056,10322
2026-05-29,TWSE,2059,川湖,4920.00,5145.00,4825.00,5065.00,365.00,839930,4236585170,4997
2026-05-29,TWSE,2062,橋椿,18.55,18.70,18.50,18.70,0.30,464078,8645544,272
2026-05-29,TWSE,2069,運錩,19.05,19.35,19.00,19.15,0.15,520064,9971681,248
2026-05-29,TWSE,2072,世紀風電,166.50,172.00,166.00,170.50,4.00,619939,105506581,668
2026-05-29,TWSE,2101,南港,29.95,30.45,29.80,30.05,0.30,2324060,69776100,1363
2026-05-29,TWSE,2102,泰豐,17.90,18.20,17.80,17.90,0.00,529683,9510481,307
2026-05-29,TWSE,2103,台橡,18.95,19.15,18.90,19.05,0.10,2606780,49595653,1075
2026-05-29,TWSE,2104,國際中橡,9.93,10.20,9.93,10.20,0.33,4310819,43364326,1178
2026-05-29,TWSE,2105,正新,32.30,32.45,31.95,32.40,0.50,14014732,452023921,6512
2026-05-29,TWSE,2106,建大,16.65,16.95,16.65,16.75,0.10,735718,12386987,430
2026-05-29,TWSE,2107,厚生,24.80,25.20,24.80,25.20,0.40,165808,4145024,227
2026-05-29,TWSE,2108,南帝,26.95,27.30,26.95,27.05,0.10,802530,21776054,449
2026-05-29,TWSE,2109,華豐,14.10,14.10,14.00,14.10,0.00,232265,3262974,112
2026-05-29,TWSE,2114,鑫永銓,91.80,94.50,91.80,94.00,2.20,245420,22887479,231
2026-05-29,TWSE,2115,六暉-KY,22.00,22.30,21.50,21.60,-0.35,187260,4074641,268
2026-05-29,TWSE,2201,裕隆,27.40,27.60,27.15,27.45,0.10,3495015,95920008,1823
2026-05-29,TWSE,2204,中華,53.00,54.10,53.00,53.80,0.90,2122191,113917236,1415
2026-05-29,TWSE,2206,三陽工業,60.00,60.60,59.80,60.60,0.60,2894506,174190707,876
2026-05-29,TWSE,2207,和泰車,458.00,483.00,458.00,483.00,27.00,4080767,1956530944,1808
2026-05-29,TWSE,2208,台船,18.30,18.60,17.75,17.75,-0.25,19111096,343289376,4287
2026-05-29,TWSE,2211,長榮鋼,91.50,93.20,91.50,93.20,1.80,806736,74529619,655
2026-05-29,TWSE,2227,裕日車,48.55,50.40,48.55,50.40,1.90,74244,3699429,181
2026-05-29,TWSE,2228,劍麟,85.90,86.50,84.50,84.70,-0.30,312048,26625409,333
2026-05-29,TWSE,2231,為升,107.50,110.50,105.50,106.00,1.50,829872,89201851,865
2026-05-29,TWSE,2233,宇隆,356.50,372.00,351.00,353.00,1.50,1723074,617536398,2204
2026-05-29,TWSE,2236,百達-KY,138.00,138.50,135.00,136.50,-1.00,383121,52265318,325
2026-05-29,TWSE,2239,英利-KY,24.60,25.40,23.80,24.05,-0.45,283728,6933023,234
2026-05-29,TWSE,2241,艾姆勒,39.60,39.80,34.45,34.55,-3.70,7645254,272039338,4529
2026-05-29,TWSE,2243,宏旭-KY,24.85,27.30,24.85,27.30,2.45,2447888,65942725,1800
2026-05-29,TWSE,2247,汎德永業,214.50,227.50,213.00,223.50,12.00,789406,176172093,1043
2026-05-29,TWSE,2248,華勝-KY,55.50,56.30,55.00,55.10,0.40,54347,3015461,49
2026-05-29,TWSE,2250,IKKA-KY,61.30,66.80,61.30,65.00,4.10,314920,20268335,476
2026-05-29,TWSE,2254,巨鎧精密-創,65.20,70.90,65.10,70.90,5.70,30255,2030322,27
2026-05-29,TWSE,2258,鴻華先進-創,29.55,30.30,29.35,30.15,0.95,1151321,34526997,709
2026-05-29,TWSE,2301,光寶科,236.00,242.00,234.00,234.50,4.00,58581295,13834366356,28797
2026-05-29,TWSE,2302,麗正,36.65,39.25,36.00,37.50,1.80,17610829,664863739,9551
2026-05-29,TWSE,2303,聯電,149.00,149.00,138.00,144.50,2.50,366515715,52317105549,148164
2026-05-29,TWSE,2305,全友,23.30,24.60,22.30,23.80,0.60,9462209,221721085,5808
2026-05-29,TWSE,2308,台達電,2470.00,2525.00,2445.00,2445.00,55.00,17179076,42422805795,33853
2026-05-29,TWSE,2312,金寶,39.55,39.70,37.80,38.95,1.25,102606028,3984405369,49085
2026-05-29,TWSE,2313,華通,271.00,284.50,265.50,284.50,25.50,84156366,23392963031,84127
2026-05-29,TWSE,2314,台揚,15.80,15.80,15.55,15.70,-0.05,321116,5039338,374
2026-05-29,TWSE,2316,楠梓電,172.50,174.00,165.50,168.50,0.00,5756651,973432023,5781
2026-05-29,TWSE,2317,鴻海,269.00,289.00,268.00,289.00,26.00,289511198,82003231787,189186
2026-05-29,TWSE,2321,東訊,14.95,15.10,14.95,15.10,0.15,5693,84284,21
2026-05-29,TWSE,2323,中環,10.25,10.40,10.25,10.35,0.20,4530960,46760426,1357
2026-05-29,TWSE,2324,仁寶,35.25,36.85,35.00,36.70,3.20,709500533,25952701893,114536
2026-05-29,TWSE,2327,國巨*,775.00,784.00,735.00,738.00,-4.00,28926802,21735195938,40796
2026-05-29,TWSE,2328,廣宇,54.10,56.40,53.60,55.50,2.50,15829377,872711312,9209
2026-05-29,TWSE,2329,華泰,62.40,63.00,59.90,61.10,1.20,27262250,1680965099,19060
2026-05-29,TWSE,2330,台積電,2340.00,2375.00,2330.00,2355.00,60.00,104783831,246787941206,127095
2026-05-29,TWSE,2331,精英,20.60,22.20,20.45,22.20,2.00,11905864,259332737,3864
2026-05-29,TWSE,2332,友訊,16.80,17.35,16.25,16.95,0.95,16845339,285121648,5419
2026-05-29,TWSE,2337,旺宏,167.00,169.50,162.50,166.50,6.50,170917629,28394116522,129550
2026-05-29,TWSE,2338,光罩,57.90,59.40,56.90,57.90,2.00,10061343,585458028,6669
2026-05-29,TWSE,2340,台亞,39.00,39.40,38.05,38.15,0.05,5153458,197793416,2960
2026-05-29,TWSE,2342,茂矽,44.10,44.75,42.05,42.80,0.40,5841696,251357222,3700
2026-05-29,TWSE,2344,華邦電,155.00,158.00,151.00,158.00,14.00,249880280,39141432292,110749
2026-05-29,TWSE,2345,智邦,2505.00,2530.00,2390.00,2430.00,-5.00,6396739,15627596485,10601
2026-05-29,TWSE,2347,聯強,87.80,87.80,85.90,85.90,0.20,3864739,334269062,2892
2026-05-29,TWSE,2348,海悅,67.90,68.30,67.60,68.10,0.50,188375,12805254,579
2026-05-29,TWSE,2348A,海悅甲特,37.80,37.80,37.80,37.80,0.00,4676,176582,11
2026-05-29,TWSE,2349,錸德,14.00,14.15,13.85,14.00,0.35,7983080,111770132,2494
2026-05-29,TWSE,2351,順德,230.50,233.00,204.00,207.50,-12.50,12661395,2669417709,8946
2026-05-29,TWSE,2352,佳世達,28.05,28.90,28.00,28.90,1.25,14114479,402596060,6344
2026-05-29,TWSE,2353,宏碁,33.80,35.20,33.55,35.20,3.20,75474874,2631696290,21198
2026-05-29,TWSE,2354,鴻準,59.00,61.70,59.00,60.90,2.60,20457567,1241581225,12986
2026-05-29,TWSE,2355,敬鵬,62.50,65.30,61.40,65.30,3.60,23338036,1488133355,15305
2026-05-29,TWSE,2356,英業達,68.10,70.20,67.70,70.20,6.30,220828986,15400578054,97355
2026-05-29,TWSE,2357,華碩,708.00,761.00,708.00,761.00,69.00,13953540,10553200920,20434
2026-05-29,TWSE,2359,所羅門,139.50,145.50,138.00,143.00,6.00,4973237,711518594,5106
2026-05-29,TWSE,2360,致茂,2570.00,2610.00,2450.00,2520.00,-50.00,5371739,13479404500,10347
2026-05-29,TWSE,2362,藍天,41.50,44.15,41.45,44.05,3.05,6210848,269259864,3921
2026-05-29,TWSE,2363,矽統,66.10,67.50,63.60,66.90,2.20,16639180,1089225105,11691
2026-05-29,TWSE,2364,倫飛,69.00,69.00,67.80,68.40,1.10,224631,15363116,247
2026-05-29,TWSE,2365,昆盈,36.95,38.85,36.65,38.70,2.35,9067101,345723706,4014
2026-05-29,TWSE,2367,燿華,66.90,69.40,65.30,68.10,2.30,63669611,4319981523,38331
2026-05-29,TWSE,2368,金像電,1335.00,1360.00,1275.00,1320.00,15.00,6593515,8648234955,14128
2026-05-29,TWSE,2369,菱生,40.05,41.45,39.20,40.30,0.55,48804998,1974388416,24742
2026-05-29,TWSE,2371,大同,29.10,29.85,29.10,29.80,0.95,16038302,474764224,6517
2026-05-29,TWSE,2373,震旦行,58.10,58.20,57.20,58.20,0.70,55338,3205864,91
2026-05-29,TWSE,2374,佳能,80.00,84.40,79.80,83.20,4.60,20794251,1725709621,14391
2026-05-29,TWSE,2375,凱美,171.50,176.50,158.50,166.50,5.00,47401162,7919824377,36316
2026-05-29,TWSE,2376,技嘉,350.50,371.00,350.00,370.00,32.50,33434927,12296682447,30662
2026-05-29,TWSE,2377,微星,126.00,133.00,126.00,131.00,7.50,41284924,5376368284,28968
2026-05-29,TWSE,2379,瑞昱,613.00,615.00,580.00,580.00,-14.00,7108843,4160248692,7454
2026-05-29,TWSE,2380,虹光,5.50,5.50,5.39,5.39,-0.11,399510,2158160,263
2026-05-29,TWSE,2382,廣達,315.50,339.00,315.50,339.00,30.50,87792646,29138110339,54426
2026-05-29,TWSE,2383,台光電,4925.00,5250.00,4925.00,5120.00,65.00,3687942,18894538885,11241
2026-05-29,TWSE,2385,群光,133.00,136.00,133.00,135.50,3.50,3427065,464117117,2511
2026-05-29,TWSE,2387,精元,40.55,41.40,40.55,41.10,0.75,850772,34915720,629
2026-05-29,TWSE,2388,威盛,76.10,77.30,75.10,76.90,2.50,6298461,479659632,4746
2026-05-29,TWSE,2390,云辰,10.80,10.85,10.65,10.80,0.15,1085430,11648556,648
2026-05-29,TWSE,2392,正崴,38.20,40.00,38.20,39.25,1.60,5819265,227994949,3721
2026-05-29,TWSE,2393,億光,62.60,63.50,62.10,62.50,0.20,2865722,180097002,1872
2026-05-29,TWSE,2395,研華,496.00,515.00,492.00,495.00,4.50,10573832,5269181279,6142
2026-05-29,TWSE,2397,友通,62.90,63.70,62.90,63.50,1.30,318911,20188173,259
2026-05-29,TWSE,2399,映泰,49.80,49.80,47.85,47.90,0.20,6976008,337517973,4178
2026-05-29,TWSE,2401,凌陽,30.95,30.95,29.85,30.00,-0.05,11222420,338262080,5756
2026-05-29,TWSE,2402,毅嘉,68.00,70.00,66.80,69.40,3.30,12426985,859438954,8222
2026-05-29,TWSE,2404,漢唐,1200.00,1205.00,1150.00,1155.00,-5.00,3394138,3950206060,10336
2026-05-29,TWSE,2405,輔信,16.80,18.05,16.70,17.65,1.20,18377619,325570759,6782
2026-05-29,TWSE,2406,國碩,33.75,34.80,33.05,34.55,1.25,9814389,332315905,6661
2026-05-29,TWSE,2408,南亞科,347.50,351.50,338.50,347.00,23.00,140975644,48771147023,107092
2026-05-29,TWSE,2409,友達,22.35,23.20,21.90,23.00,1.80,481574851,10879111164,113440
2026-05-29,TWSE,2412,中華電,137.50,138.50,136.50,137.00,0.50,28220973,3876140630,6510
2026-05-29,TWSE,2413,環科,51.90,52.60,50.50,51.20,0.20,4200223,216476173,2947
2026-05-29,TWSE,2414,精技,50.50,51.50,50.50,50.80,0.40,229988,11712804,246
2026-05-29,TWSE,2415,錩新,27.00,27.30,26.85,27.00,0.15,115128,3104103,97
2026-05-29,TWSE,2417,圓剛,48.65,49.75,48.45,49.00,0.95,1860556,91258643,1202
2026-05-29,TWSE,2419,仲琦,32.30,33.35,31.70,32.65,1.20,5471484,178766961,3242
2026-05-29,TWSE,2420,新巨,65.90,66.10,63.50,64.30,-0.20,864184,55855982,1005
2026-05-29,TWSE,2421,建準,157.50,160.50,155.50,159.00,2.50,4799734,762448147,3952
2026-05-29,TWSE,2423,固緯,87.60,87.60,81.60,82.10,-2.70,497345,41355677,538
2026-05-29,TWSE,2424,隴華,13.70,13.70,12.50,12.50,-0.80,215364,2777015,152
2026-05-29,TWSE,2425,承啟,35.10,36.10,35.10,35.60,1.00,642051,22838968,544
2026-05-29,TWSE,2426,鼎元,84.50,86.50,80.30,81.20,0.30,24537364,2030624673,16291
2026-05-29,TWSE,2427,三商電,20.30,20.65,20.30,20.60,0.30,876421,18000243,552
2026-05-29,TWSE,2428,興勤,321.50,321.50,291.00,292.00,-0.50,7407540,2267966473,8834
2026-05-29,TWSE,2429,銘旺科,46.80,47.90,46.80,47.35,0.65,352416,16672377,444
2026-05-29,TWSE,2430,燦坤,18.25,18.30,18.15,18.30,0.25,114718,2089949,89
2026-05-29,TWSE,2431,聯昌,10.20,10.50,10.20,10.45,0.25,556567,5738419,307
2026-05-29,TWSE,2432,倚天酷碁-創,26.50,26.60,26.35,26.45,0.20,53250,1410649,20
2026-05-29,TWSE,2433,互盛電,43.90,43.90,43.10,43.40,0.45,43342,1879920,48
2026-05-29,TWSE,2434,統懋,37.25,40.05,37.25,39.75,3.25,905467,35513848,1404
2026-05-29,TWSE,2436,偉詮電,78.90,79.50,75.80,77.20,0.40,8182744,631563731,6575
2026-05-29,TWSE,2438,翔耀,29.00,29.15,25.50,28.20,0.40,1800048,49641445,1163
2026-05-29,TWSE,2439,美律,92.00,92.50,91.30,91.80,0.30,2729921,250965450,2529
2026-05-29,TWSE,2440,太空梭,16.90,17.60,16.90,17.60,0.75,713740,12306095,382
2026-05-29,TWSE,2441,超豐,143.50,146.50,139.50,141.50,0.50,15708457,2236850368,14912
2026-05-29,TWSE,2442,新美齊,18.75,18.75,18.45,18.65,-0.05,2579878,47888131,1023
2026-05-29,TWSE,2444,兆勁,12.35,12.45,12.20,12.40,0.10,830683,10228037,326
2026-05-29,TWSE,2449,京元電子,329.00,329.50,311.50,328.50,8.50,68983487,22141333928,86382
2026-05-29,TWSE,2450,神腦,29.35,30.15,29.35,29.85,0.60,595206,17794070,422
2026-05-29,TWSE,2451,創見,332.00,343.00,329.00,338.00,16.00,7479786,2527564908,7545
2026-05-29,TWSE,2453,凌群,60.90,61.00,60.20,61.00,0.90,1153378,69931713,990
2026-05-29,TWSE,2454,聯發科,4460.00,4485.00,4235.00,4310.00,-100.00,23109791,100081968164,134616
2026-05-29,TWSE,2455,全新,399.00,422.00,392.00,422.00,30.50,2092897,849519645,3003
2026-05-29,TWSE,2457,飛宏,25.40,26.00,25.15,26.00,0.85,3856330,99060848,1974
2026-05-29,TWSE,2458,義隆,163.50,164.50,159.50,162.00,1.00,2420522,391714470,2166
2026-05-29,TWSE,2459,敦吉,67.00,67.40,66.90,67.10,0.40,261063,17527440,169
2026-05-29,TWSE,2460,建通,32.65,32.70,31.90,32.40,0.75,447050,14408979,407
2026-05-29,TWSE,2461,光群雷,16.40,16.40,16.05,16.25,0.20,1161151,18802788,404
2026-05-29,TWSE,2462,良得電,21.05,21.20,20.75,21.00,0.35,420150,8798257,255
2026-05-29,TWSE,2464,盟立,175.00,184.50,173.00,184.50,16.50,14603817,2645184576,12346
2026-05-29,TWSE,2465,麗臺,83.20,86.20,81.60,82.80,0.90,1913237,159914917,1731
2026-05-29,TWSE,2466,冠西電,48.00,48.00,46.50,47.60,0.80,374917,17724164,260
2026-05-29,TWSE,2467,志聖,640.00,640.00,612.00,619.00,2.00,1559812,970285977,3266
2026-05-29,TWSE,2468,華經,33.70,33.95,33.20,33.20,0.20,246563,8253495,175
2026-05-29,TWSE,2471,資通,51.00,51.30,50.80,51.10,0.30,175268,8948223,178
2026-05-29,TWSE,2472,立隆電,404.00,404.00,362.00,371.00,0.00,21372445,8044580912,18053
2026-05-29,TWSE,2474,可成,193.00,205.00,191.00,203.50,13.00,61961352,12538765631,14995
2026-05-29,TWSE,2476,鉅祥,127.00,127.00,120.50,122.00,0.00,5305669,652730731,6649
2026-05-29,TWSE,2477,美隆電,21.80,21.80,21.20,21.55,0.50,358972,7701175,233
2026-05-29,TWSE,2478,大毅,139.00,139.00,130.50,139.00,12.00,4217226,571804048,4016
2026-05-29,TWSE,2480,敦陽科,147.00,149.00,147.00,148.50,1.50,519588,77044242,528
2026-05-29,TWSE,2481,強茂,157.00,162.50,150.00,162.50,14.50,40975255,6509929765,23327
2026-05-29,TWSE,2482,連宇,16.30,16.55,16.15,16.25,0.00,239343,3894776,242
2026-05-29,TWSE,2483,百容,26.00,26.00,25.50,25.70,0.20,376443,9690635,253
2026-05-29,TWSE,2484,希華,57.50,58.00,53.20,54.30,-0.90,25851618,1411312024,15376
2026-05-29,TWSE,2485,兆赫,72.50,74.90,71.30,74.20,2.40,26575995,1956542173,17082
2026-05-29,TWSE,2486,一詮,264.00,276.00,263.00,264.50,3.50,6617064,1769665285,6717
2026-05-29,TWSE,2488,漢平,53.80,53.90,53.00,53.10,0.10,128761,6856484,133
2026-05-29,TWSE,2489,瑞軒,48.60,50.40,48.35,49.50,1.50,37165339,1831902852,21350
2026-05-29,TWSE,2491,吉祥全,22.55,24.25,22.50,23.30,1.00,1649256,38944886,789
2026-05-29,TWSE,2492,華新科,410.00,411.50,384.00,394.00,4.00,4526922,1783218722,5157
2026-05-29,TWSE,2493,揚博,163.50,166.00,158.00,160.00,-3.00,4547361,731760954,4753
2026-05-29,TWSE,2495,普安,50.50,52.00,49.50,51.50,4.15,22833459,1170757848,13912
2026-05-29,TWSE,2496,卓越,64.70,65.00,64.60,64.80,0.10,11282,731005,19
2026-05-29,TWSE,2497,怡利電,61.90,62.10,59.30,59.70,-1.10,1479318,89495680,1303
2026-05-29,TWSE,2498,宏達電,44.85,45.80,44.45,45.25,1.35,11262791,508773068,5754
2026-05-29,TWSE,2501,國建,22.25,22.65,22.20,22.65,0.40,5382351,121016574,1674
2026-05-29,TWSE,2504,國產,34.80,35.15,34.60,34.60,0.10,3489052,121749414,2178
2026-05-29,TWSE,2505,國揚,17.40,17.45,17.25,17.40,-0.10,532898,9244365,313
2026-05-29,TWSE,2506,太設,8.65,8.65,8.60,8.65,0.02,122696,1057821,120
2026-05-29,TWSE,2509,全坤建,12.40,12.45,12.30,12.35,0.00,176407,2181406,172
2026-05-29,TWSE,2511,太子,7.69,7.73,7.65,7.69,0.03,1201379,9249759,441
2026-05-29,TWSE,2514,龍邦,12.90,13.00,12.85,12.95,0.15,147902,1908592,112
2026-05-29,TWSE,2515,中工,12.75,13.00,12.60,13.00,0.40,8422798,107948437,1833
2026-05-29,TWSE,2516,新建,12.70,13.15,12.60,12.75,0.10,189161,2416778,166
2026-05-29,TWSE,2520,冠德,30.15,30.15,29.80,29.85,-0.10,1374743,41112195,1340
2026-05-29,TWSE,2524,京城,34.05,34.60,34.00,34.45,0.40,86206,2950311,96
2026-05-29,TWSE,2527,宏璟,37.40,37.70,36.30,36.75,0.00,677341,24862911,562
2026-05-29,TWSE,2528,皇普,21.10,21.50,20.75,21.10,-0.25,1354112,28521772,527
2026-05-29,TWSE,2530,華建,18.05,18.80,18.05,18.70,0.70,1379536,25550465,600
2026-05-29,TWSE,2534,宏盛,17.30,17.30,16.90,17.30,0.00,1015650,17364397,990
2026-05-29,TWSE,2535,達欣工,80.20,80.50,79.60,80.30,0.80,378566,30326355,499
2026-05-29,TWSE,2536,宏普,19.80,19.80,19.30,19.50,0.05,376736,7333488,226
2026-05-29,TWSE,2537,聯上發,9.48,9.52,9.42,9.45,-0.02,618812,5851494,332
2026-05-29,TWSE,2538,基泰,9.30,9.32,9.25,9.31,0.02,357904,3322724,218
2026-05-29,TWSE,2539,櫻花建,34.65,36.60,34.35,36.60,2.10,2644964,93841888,1492
2026-05-29,TWSE,2540,愛山林,53.10,55.30,52.70,55.00,1.40,1416663,77098727,802
2026-05-29,TWSE,2542,興富發,42.30,42.35,41.60,41.95,-0.05,12369851,517370388,7503
2026-05-29,TWSE,2543,皇昌,42.00,45.90,41.55,45.90,4.10,5022725,221308812,3044
2026-05-29,TWSE,2545,皇翔,36.35,36.35,36.05,36.30,-0.05,343659,12424976,382
2026-05-29,TWSE,2546,根基,87.00,87.70,87.00,87.60,0.70,78636,6874500,265
2026-05-29,TWSE,2547,日勝生,9.94,9.96,9.81,9.86,-0.03,2198957,21709807,873
2026-05-29,TWSE,2548,華固,121.00,121.50,118.00,119.50,-1.50,5111658,608601100,4326
2026-05-29,TWSE,2597,潤弘,158.50,166.00,157.00,166.00,9.00,1330536,215889242,863
2026-05-29,TWSE,2601,益航,5.10,5.25,5.05,5.24,0.18,4603765,23686779,1361
2026-05-29,TWSE,2603,長榮,212.50,216.50,211.00,213.00,2.00,30658046,6567701649,13946
2026-05-29,TWSE,2605,新興,31.40,31.60,30.20,30.20,-1.25,10601528,324611085,3141
2026-05-29,TWSE,2606,裕民,72.10,72.10,68.60,69.00,-1.90,5406350,375853442,4304
2026-05-29,TWSE,2607,榮運,47.50,48.10,47.40,47.60,0.30,1071285,51210671,592
2026-05-29,TWSE,2608,嘉里大榮,28.90,29.25,28.80,29.10,0.50,679013,19712328,431
2026-05-29,TWSE,2609,陽明,53.00,53.30,52.40,52.70,0.40,29776823,1573186496,10384
2026-05-29,TWSE,2610,華航,18.90,19.15,18.80,19.10,0.50,314468608,5999530916,16585
2026-05-29,TWSE,2611,志信,13.05,13.05,12.90,13.00,-0.05,347272,4499250,300
2026-05-29,TWSE,2612,中航,58.30,58.50,57.60,57.70,0.20,1072015,61988563,848
2026-05-29,TWSE,2613,中櫃,21.40,21.65,21.40,21.55,0.25,274226,5899824,286
2026-05-29,TWSE,2614,東森,18.10,18.35,18.00,18.35,0.25,587214,10691263,532
2026-05-29,TWSE,2615,萬海,81.70,82.20,80.90,82.00,1.30,8878640,726721770,4341
2026-05-29,TWSE,2616,山隆,13.60,13.65,13.35,13.65,0.10,330550,4466102,506
2026-05-29,TWSE,2617,台航,29.10,29.20,28.90,28.95,0.15,675971,19603669,348
2026-05-29,TWSE,2618,長榮航,35.95,36.70,35.65,36.05,0.75,122963731,4456937582,29285
2026-05-29,TWSE,2630,亞航,42.25,43.70,42.25,42.75,0.95,1498105,64531037,1045
2026-05-29,TWSE,2633,台灣高鐵,25.05,25.30,24.80,24.85,0.05,222475014,5532076019,10806
2026-05-29,TWSE,2634,漢翔,46.60,48.00,46.50,47.00,1.10,8138912,383828605,4738
2026-05-29,TWSE,2636,台驊控股,67.30,67.80,67.20,67.70,0.60,378925,25581697,416
2026-05-29,TWSE,2637,慧洋-KY,78.40,78.40,75.30,75.30,-1.40,3827034,290520848,2673
2026-05-29,TWSE,2642,宅配通,20.80,21.80,20.80,21.10,0.35,212523,4507229,293
2026-05-29,TWSE,2645,長榮航太,166.00,172.00,164.50,166.50,2.50,2658589,444450824,5512
2026-05-29,TWSE,2646,星宇航空,20.15,20.45,20.10,20.45,0.40,7943719,161323339,3464
2026-05-29,TWSE,2701,萬企,10.25,10.30,10.20,10.25,0.05,170454,1749674,105
2026-05-29,TWSE,2702,華園,12.70,12.95,12.70,12.90,0.10,56623,725688,143
2026-05-29,TWSE,2704,國賓,42.20,42.55,42.10,42.10,-0.05,204620,8635610,108
2026-05-29,TWSE,2705,六福,15.05,15.20,15.05,15.15,0.15,271734,4114014,257
2026-05-29,TWSE,2706,第一店,12.00,12.00,11.90,11.95,0.05,78834,943179,87
2026-05-29,TWSE,2707,晶華,172.00,173.00,171.00,173.00,1.50,306256,52667010,353
2026-05-29,TWSE,2712,遠雄來,14.55,14.80,14.50,14.60,-0.15,15699,228620,17
2026-05-29,TWSE,2722,夏都,22.70,22.70,22.25,22.35,0.00,75695,1692365,58
2026-05-29,TWSE,2723,美食-KY,60.60,61.60,60.20,61.20,0.70,433362,26400311,340
2026-05-29,TWSE,2727,王品,233.00,234.00,232.00,233.00,1.00,263484,61375837,682
2026-05-29,TWSE,2731,雄獅,167.00,168.50,165.50,167.50,2.00,1510505,252068472,1366
2026-05-29,TWSE,2739,寒舍,34.65,35.20,34.65,35.05,0.45,127096,4449079,111
2026-05-29,TWSE,2748,雲品,38.75,39.00,38.75,38.80,0.05,137768,5358050,107
2026-05-29,TWSE,2753,八方雲集,173.50,176.00,172.50,175.50,3.50,357136,62449069,557
2026-05-29,TWSE,2762,世界健身-KY,82.60,84.30,82.20,82.40,1.10,189023,15696361,211
2026-05-29,TWSE,2801,彰銀,20.20,20.40,20.05,20.25,0.20,52955720,1071790933,7692
2026-05-29,TWSE,2812,台中銀,18.50,18.60,18.40,18.45,-0.05,18546027,342366179,8238
2026-05-29,TWSE,2816,旺旺保,32.30,32.60,32.25,32.60,0.50,392413,12737381,203
2026-05-29,TWSE,2820,華票,16.75,16.80,16.70,16.80,0.10,1338822,22412134,503
2026-05-29,TWSE,2832,台產,53.20,53.20,52.70,52.90,-0.10,249007,13172543,405
2026-05-29,TWSE,2834,臺企銀,16.00,16.25,15.95,16.25,0.35,67812568,1097301829,6682
2026-05-29,TWSE,2836,高雄銀,11.75,11.80,11.65,11.65,-0.10,1846766,21612679,796
2026-05-29,TWSE,2836A,高雄銀甲特,24.50,24.50,24.45,24.45,-0.05,9415,230367,7
2026-05-29,TWSE,2838,聯邦銀,20.20,20.45,20.15,20.45,0.25,2471423,50282718,723
2026-05-29,TWSE,2838A,聯邦銀甲特,54.30,54.40,54.30,54.30,-0.10,37175,2018820,23
2026-05-29,TWSE,2845,遠東銀,11.95,12.00,11.85,11.85,-0.05,11510053,136997548,2941
2026-05-29,TWSE,2849,安泰銀,13.75,14.10,13.75,13.90,0.15,169608,2369822,162
2026-05-29,TWSE,2850,新產,137.50,145.50,137.00,145.50,8.50,1534479,217046406,910
2026-05-29,TWSE,2851,中再保,35.45,35.55,34.90,35.10,-0.10,1979052,69426464,1093
2026-05-29,TWSE,2852,第一保,26.90,27.00,26.80,26.95,0.05,335290,9023470,171
2026-05-29,TWSE,2855,統一證,46.10,47.50,45.70,47.50,2.40,11633235,545876629,6136
2026-05-29,TWSE,2867,三商壽,7.50,7.52,7.44,7.52,0.08,11342143,85051456,2321
2026-05-29,TWSE,2880,華南金,29.95,31.20,29.80,30.50,0.90,129129440,3958196583,23947
2026-05-29,TWSE,2881,富邦金,110.50,111.00,107.00,110.00,0.00,139031768,15238927149,27920
2026-05-29,TWSE,2881A,富邦特,63.70,63.80,63.60,63.80,0.00,59601,3796627,55
2026-05-29,TWSE,2881B,富邦金乙特,62.60,62.70,62.50,62.70,0.00,92774,5804587,36
2026-05-29,TWSE,2881C,富邦金丙特,51.10,51.10,50.90,51.00,0.00,170873,8717533,173
2026-05-29,TWSE,2882,國泰金,85.60,85.80,84.00,85.70,0.90,71446779,6087846829,18106
2026-05-29,TWSE,2882A,國泰特,61.90,62.00,61.80,61.90,-0.10,38733,2396548,40
2026-05-29,TWSE,2882B,國泰金乙特,60.50,60.80,60.40,60.80,0.00,150326,9110345,58
2026-05-29,TWSE,2883,凱基金,22.50,22.60,22.00,22.50,0.35,107714431,2407978630,13902
2026-05-29,TWSE,2883B,凱基金乙特,8.13,8.14,8.11,8.14,0.01,1070905,8701424,341
2026-05-29,TWSE,2884,玉山金,30.90,31.00,30.75,30.95,0.25,119510199,3695885900,18211
2026-05-29,TWSE,2885,元大金,59.40,60.20,58.90,59.60,0.50,91346270,5446781562,12271
2026-05-29,TWSE,2886,兆豐金,40.45,40.85,40.00,40.00,0.20,121250792,4866241271,14389
2026-05-29,TWSE,2887,台新新光金,23.25,23.45,23.00,23.35,0.35,225036097,5237465236,40632
2026-05-29,TWSE,2887E,台新新光戊特一,50.90,51.40,50.60,50.90,0.00,372734,19006143,171
2026-05-29,TWSE,2887F,台新新光戊特二,46.95,47.00,46.75,46.75,-0.30,78231,3663196,49
2026-05-29,TWSE,2887G,台新新光庚特一,42.55,42.60,42.50,42.55,0.00,264077,11235384,74
2026-05-29,TWSE,2887H,台新新光庚特二,40.70,40.80,40.65,40.80,0.05,50064,2038511,59
2026-05-29,TWSE,2887I,台新新光辛特,9.39,9.40,9.38,9.38,-0.01,4932910,46296697,792
2026-05-29,TWSE,2887Z1,台新新光己特,17.20,17.20,17.10,17.15,-0.05,20582,353134,37
2026-05-29,TWSE,2889,國票金,14.60,14.70,14.55,14.70,0.10,2933836,42866871,1428
2026-05-29,TWSE,2890,永豐金,29.60,30.00,29.55,30.00,0.50,64350996,1925658948,8351
2026-05-29,TWSE,2891,中信金,59.40,61.40,59.40,60.50,1.20,113545993,6884591905,19366
2026-05-29,TWSE,2891B,中信金乙特,63.90,64.50,63.90,64.50,0.10,20600,1324395,45
2026-05-29,TWSE,2891C,中信金丙特,62.20,62.50,62.20,62.50,0.00,5742,357858,31
2026-05-29,TWSE,2892,第一金,27.30,27.50,27.20,27.45,0.20,109953818,3015338735,13651
2026-05-29,TWSE,2897,王道銀行,9.91,9.98,9.90,9.90,-0.04,3566262,35381720,907
2026-05-29,TWSE,2897B,王道銀乙特,11.80,11.85,11.80,11.85,0.05,12500,147974,8
2026-05-29,TWSE,2901,欣欣,22.75,23.55,22.75,23.55,0.80,21221,490431,76
2026-05-29,TWSE,2903,遠百,21.80,21.85,21.60,21.80,0.00,2675875,58196039,1636
2026-05-29,TWSE,2904,匯僑,14.05,14.25,14.05,14.10,0.05,52142,735413,61
2026-05-29,TWSE,2905,三商,13.50,13.70,13.45,13.70,0.25,661295,8994297,397
2026-05-29,TWSE,2906,高林,12.30,12.40,12.25,12.35,0.10,152630,1877832,128
2026-05-29,TWSE,2908,特力,21.40,21.45,21.30,21.45,0.00,352317,7543825,143
2026-05-29,TWSE,2910,統領,21.65,21.65,21.00,21.60,0.15,18084,387649,21
2026-05-29,TWSE,2911,麗嬰房,8.68,8.68,8.29,8.33,0.00,305174,2553318,226
2026-05-29,TWSE,2912,統一超,209.00,218.00,205.00,214.00,7.00,20276808,4325868051,10030
2026-05-29,TWSE,2913,農林,10.75,10.85,10.70,10.80,0.10,1965742,21163507,738
2026-05-29,TWSE,2915,潤泰全,44.15,44.95,44.00,44.00,0.00,3484979,154489062,1541
2026-05-29,TWSE,2923,鼎固-KY,25.00,26.15,24.65,25.60,1.80,220219,5659037,282
2026-05-29,TWSE,2929,淘帝-KY,6.02,6.37,5.90,5.92,-0.08,829688,5011722,447
2026-05-29,TWSE,2939,永邑-KY,22.00,22.00,21.25,21.35,-0.90,36153,775111,71
2026-05-29,TWSE,2945,三商家購,40.60,41.00,40.60,41.00,0.40,7670,313530,16
2026-05-29,TWSE,3002,歐格,17.20,17.70,17.10,17.70,0.65,330880,5775128,219
2026-05-29,TWSE,3003,健和興,63.20,63.70,62.00,62.70,0.50,1079103,67601129,2028
2026-05-29,TWSE,3004,豐達科,121.00,124.50,120.50,123.50,5.50,606384,74113558,688
2026-05-29,TWSE,3005,神基,104.00,106.50,104.00,104.00,1.00,6037437,633726286,4046
2026-05-29,TWSE,3006,晶豪科,251.50,253.00,241.00,246.50,4.00,20608782,5100904849,15337
2026-05-29,TWSE,3008,大立光,3515.00,3600.00,3450.00,3515.00,90.00,1477877,5190853410,8178
2026-05-29,TWSE,3010,華立,142.00,143.00,138.00,139.00,1.00,1458459,203495456,1310
2026-05-29,TWSE,3011,今皓,13.20,13.50,12.95,13.20,0.05,999392,13173360,459
2026-05-29,TWSE,3013,晟銘電,119.00,124.00,118.50,122.00,4.50,5810970,703636867,5251
2026-05-29,TWSE,3014,聯陽,151.00,154.00,148.50,154.00,5.50,3611307,548111503,2672
2026-05-29,TWSE,3015,全漢,51.60,52.20,50.20,50.20,-0.70,1386150,70509028,806
2026-05-29,TWSE,3016,嘉晶,146.50,147.50,133.50,138.00,3.50,23100390,3234756238,16588
2026-05-29,TWSE,3017,奇鋐,2680.00,2730.00,2615.00,2665.00,85.00,9351169,25024183485,17500
2026-05-29,TWSE,3018,隆銘綠能,9.42,9.81,9.42,9.42,0.07,21337,202805,65
2026-05-29,TWSE,3019,亞光,152.00,158.50,151.50,154.00,4.50,9863655,1528065878,8693
2026-05-29,TWSE,3021,鴻名,30.10,30.10,30.10,30.10,2.70,923348,27792756,366
2026-05-29,TWSE,3022,威強電,74.40,75.70,73.60,74.80,1.70,1152615,86287447,975
2026-05-29,TWSE,3023,信邦,310.00,320.00,305.00,315.50,13.00,2810486,889334714,3285
2026-05-29,TWSE,3024,憶聲,15.80,15.80,14.55,14.80,-0.75,3698605,55186407,1601
2026-05-29,TWSE,3025,星通,77.20,77.20,74.10,74.50,-1.00,1495762,111953954,4395
2026-05-29,TWSE,3026,禾伸堂,640.00,641.00,615.00,641.00,36.00,1558340,985067195,2591
2026-05-29,TWSE,3027,盛達,19.35,19.80,19.10,19.45,0.20,687221,13298402,621
2026-05-29,TWSE,3028,增你強,83.50,83.50,80.60,81.50,0.30,2980755,243456449,2280
2026-05-29,TWSE,3029,零壹,94.70,96.50,94.70,96.20,1.80,760093,72865010,849
2026-05-29,TWSE,3030,德律,428.00,428.00,405.00,405.00,-4.00,4977039,2049965690,6314
2026-05-29,TWSE,3031,佰鴻,32.05,33.15,31.70,32.40,1.10,3306478,107796774,2264
2026-05-29,TWSE,3032,偉訓,91.00,91.60,89.70,90.50,0.20,1292771,116799279,1147
2026-05-29,TWSE,3033,威健,50.80,50.90,49.55,50.30,0.20,10625441,531916496,6634
2026-05-29,TWSE,3034,聯詠,480.50,485.50,475.00,477.00,-1.50,7952543,3803469228,7310
2026-05-29,TWSE,3035,智原,213.50,215.50,206.00,207.00,-1.50,13700926,2868647169,13585
2026-05-29,TWSE,3036,文曄,291.00,292.00,286.50,288.50,-1.00,7821185,2255520730,6311
2026-05-29,TWSE,3037,欣興,1090.00,1095.00,1035.00,1055.00,30.00,21107426,22254481820,30957
2026-05-29,TWSE,3038,全台,23.60,23.85,23.10,23.20,-0.10,516096,12114104,353
2026-05-29,TWSE,3040,遠見,39.70,40.30,39.20,39.70,0.05,124508,4948916,146
2026-05-29,TWSE,3041,揚智,25.65,26.35,25.15,25.65,0.25,1372519,35212112,966
2026-05-29,TWSE,3042,晶技,222.00,228.00,212.00,215.50,-2.00,46795998,10239309920,36795
2026-05-29,TWSE,3043,科風,21.20,21.20,20.40,21.00,0.20,169806,3527384,168
2026-05-29,TWSE,3044,健鼎,507.00,532.00,505.00,521.00,27.50,4781839,2488869485,7975
2026-05-29,TWSE,3045,台灣大,111.50,112.50,111.50,111.50,0.50,21139103,2363289026,4518
2026-05-29,TWSE,3046,建碁,55.40,59.80,54.80,58.20,3.80,3453533,202240137,3130
2026-05-29,TWSE,3047,訊舟,14.95,15.15,14.85,15.10,0.30,1406158,21105344,686
2026-05-29,TWSE,3048,益登,73.00,74.90,70.50,72.00,-0.20,17963876,1299013183,12506
2026-05-29,TWSE,3049,精金,12.50,12.60,12.15,12.50,0.10,6122628,75932882,2233
2026-05-29,TWSE,3050,鈺德,12.60,12.60,12.35,12.55,0.10,898638,11191266,385
2026-05-29,TWSE,3051,力特,27.35,28.35,27.15,27.90,0.80,3460420,96447549,2020
2026-05-29,TWSE,3052,夆典,10.50,10.50,10.40,10.45,0.00,357344,3728802,264
2026-05-29,TWSE,3054,立萬利,67.70,68.70,66.10,66.80,-0.70,278014,18673466,236
2026-05-29,TWSE,3055,蔚華科,108.50,110.50,105.00,108.00,2.50,2265445,244047768,2297
2026-05-29,TWSE,3056,富華新,13.20,13.35,13.15,13.25,0.05,1391535,18423239,767
2026-05-29,TWSE,3057,喬鼎,19.90,20.75,19.90,20.45,0.40,447199,9109720,336
2026-05-29,TWSE,3058,立德,8.20,8.76,8.15,8.51,0.39,2304813,19584708,1086
2026-05-29,TWSE,3059,華晶科,42.75,43.10,42.15,42.35,0.50,5010086,213569253,3324
2026-05-29,TWSE,3060,銘異,29.55,29.90,28.50,29.40,0.70,2896370,85206622,1879
2026-05-29,TWSE,3062,建漢,30.20,31.00,29.60,30.70,1.30,10542243,320442014,5553
2026-05-29,TWSE,3090,日電貿,221.50,229.00,208.00,229.00,20.50,2746634,593070157,2809
2026-05-29,TWSE,3092,鴻碩,29.00,29.60,29.00,29.15,0.25,475090,13914980,364
2026-05-29,TWSE,3094,聯傑,35.00,35.00,33.60,33.95,-0.30,1641857,55769437,1212
2026-05-29,TWSE,3130,一零四,220.00,221.00,220.00,220.50,-0.50,27406,6045308,264
2026-05-29,TWSE,3135,凌航,261.00,266.00,258.00,260.50,10.50,2472253,645014111,3188
2026-05-29,TWSE,3138,耀登,165.00,172.00,162.50,169.00,8.50,1345570,225711221,1698
2026-05-29,TWSE,3149,正達,69.50,72.20,66.30,71.20,4.10,29633211,2049126961,19248
2026-05-29,TWSE,3150,鈺寶-創,20.15,20.50,19.90,20.15,0.30,128293,2588484,72
2026-05-29,TWSE,3164,景岳,16.40,16.60,16.00,16.60,0.20,254009,4148106,788
2026-05-29,TWSE,3167,大量,828.00,828.00,790.00,795.00,0.00,478772,382571091,1540
2026-05-29,TWSE,3168,眾福科,48.45,48.90,47.35,47.55,0.05,109132,5256943,81
2026-05-29,TWSE,3189,景碩,707.00,746.00,704.00,729.00,48.00,7357595,5320212011,15042
2026-05-29,TWSE,3209,全科,80.40,80.40,75.30,76.10,-2.40,4576445,350580115,3967
2026-05-29,TWSE,3229,晟鈦,46.50,49.50,44.75,49.50,4.50,1166361,56504151,839
2026-05-29,TWSE,3231,緯創,154.00,158.50,153.00,158.50,14.00,114139019,18028178309,46076
2026-05-29,TWSE,3257,虹冠電,65.60,71.20,65.00,68.80,3.20,5484453,377029795,4721
2026-05-29,TWSE,3266,昇陽,12.75,13.05,12.75,12.85,0.10,114513,1475484,62
2026-05-29,TWSE,3296,勝德,19.50,20.20,19.35,19.85,0.35,158444,3155538,131
2026-05-29,TWSE,3305,昇貿,162.50,164.00,152.50,157.50,-0.50,9574871,1504717812,10317
2026-05-29,TWSE,3308,聯德,20.45,20.45,20.00,20.25,0.25,131200,2639696,122
2026-05-29,TWSE,3311,閎暉,36.70,37.10,35.30,35.80,-0.65,1902327,68472020,1663
2026-05-29,TWSE,3312,弘憶股,49.75,50.60,48.40,50.10,0.80,3142666,154517483,2450
2026-05-29,TWSE,3321,同泰,20.35,20.60,19.30,19.40,-0.05,1217376,23989659,703
2026-05-29,TWSE,3338,泰碩,73.50,73.90,72.80,73.40,0.90,762343,55920510,641
2026-05-29,TWSE,3346,麗清,21.45,21.45,21.45,21.45,1.95,924121,19822352,417
2026-05-29,TWSE,3356,奇偶,63.20,63.20,62.00,62.30,0.30,1033802,64436493,845
2026-05-29,TWSE,3376,新日興,206.50,208.00,201.50,202.50,-2.50,6564203,1335498567,6289
2026-05-29,TWSE,3380,明泰,37.00,39.40,36.45,38.60,2.50,10992438,419405571,6376
2026-05-29,TWSE,3406,玉晶光,580.00,614.00,577.00,603.00,31.00,3052679,1828748256,4316
2026-05-29,TWSE,3413,京鼎,322.00,323.00,318.00,320.00,2.00,2582808,828575208,3190
2026-05-29,TWSE,3416,融程電,183.00,184.00,181.00,183.50,4.50,567218,103808005,665
2026-05-29,TWSE,3419,譁裕,13.70,14.10,13.60,14.05,0.50,512052,7115213,269
2026-05-29,TWSE,3432,台端,18.65,19.65,18.50,18.80,0.05,106033,1980196,97
2026-05-29,TWSE,3437,榮創,23.75,23.95,23.30,23.80,0.35,1857786,43862824,1015
2026-05-29,TWSE,3443,創意,4440.00,4835.00,4155.00,4670.00,80.00,7153455,32009611980,39120
2026-05-29,TWSE,3447,展達,36.45,37.10,36.35,36.90,0.25,180864,6645798,168
2026-05-29,TWSE,3450,聯鈞,498.00,499.00,477.00,490.50,9.50,9193909,4479242229,13294
2026-05-29,TWSE,3481,群創,48.55,51.00,47.65,51.00,4.60,897327645,44843393073,293949
2026-05-29,TWSE,3494,誠研,7.87,8.04,7.86,8.04,0.00,161171,1288265,129
2026-05-29,TWSE,3501,維熹,39.95,40.30,39.90,40.00,0.15,345558,13830152,245
2026-05-29,TWSE,3504,揚明光,78.00,78.90,77.10,77.80,0.70,996803,77634380,970
2026-05-29,TWSE,3515,華擎,237.50,245.00,236.00,242.00,8.50,1355728,328488199,1647
2026-05-29,TWSE,3518,柏騰,35.50,35.50,33.20,33.35,-1.20,1566535,52989414,1153
2026-05-29,TWSE,3528,安馳,122.50,122.50,104.00,117.50,4.00,5404264,604612213,4826
2026-05-29,TWSE,3530,晶相光,68.30,68.70,67.00,67.10,0.30,255945,17307390,347
2026-05-29,TWSE,3532,台勝科,319.00,319.00,319.00,319.00,29.00,1580500,504179500,1299
2026-05-29,TWSE,3533,嘉澤,2570.00,2650.00,2525.00,2650.00,165.00,1613542,4236333080,3512
2026-05-29,TWSE,3535,晶彩科,124.00,124.00,122.00,122.50,2.00,1298172,159578375,1518
2026-05-29,TWSE,3543,州巧,35.90,36.45,35.55,35.95,0.55,604842,21705062,459
2026-05-29,TWSE,3545,敦泰,59.20,59.70,57.80,59.50,1.30,2560899,150932927,1938
2026-05-29,TWSE,3550,聯穎,20.15,20.95,20.00,20.65,0.65,1500106,30743456,843
2026-05-29,TWSE,3557,嘉威,23.60,24.30,23.60,23.80,0.20,171176,4094323,246
2026-05-29,TWSE,3563,牧德,835.00,835.00,812.00,826.00,10.00,966572,793262787,2917
2026-05-29,TWSE,3576,聯合再生,18.65,18.65,18.10,18.35,0.10,16566421,304076335,6361
2026-05-29,TWSE,3583,辛耘,921.00,947.00,861.00,867.00,-10.00,4881211,4398604374,10441
2026-05-29,TWSE,3588,通嘉,62.90,63.40,61.30,61.80,0.10,621229,38585085,1498
2026-05-29,TWSE,3591,艾笛森,26.25,26.45,25.75,25.95,-0.10,1588389,41290983,979
2026-05-29,TWSE,3592,瑞鼎,277.00,279.50,273.00,279.50,5.50,789595,217904352,1159
2026-05-29,TWSE,3593,力銘,16.95,17.10,16.50,16.65,-0.30,50092,840436,67
2026-05-29,TWSE,3596,智易,187.50,188.00,184.50,187.50,3.50,1241492,231528273,1112
2026-05-29,TWSE,3605,宏致,80.80,81.20,78.80,79.20,0.90,2230271,177577597,2969
2026-05-29,TWSE,3607,谷崧,15.40,15.80,15.35,15.65,0.45,929379,14468743,481
2026-05-29,TWSE,3617,碩天,213.50,216.50,209.50,211.50,0.00,392867,83232843,472
2026-05-29,TWSE,3622,洋華,56.70,57.00,56.40,56.80,0.40,309346,17546471,260
2026-05-29,TWSE,3645,達邁,106.50,107.50,103.50,106.50,2.50,3804754,401771924,3370
2026-05-29,TWSE,3652,精聯,34.80,36.85,34.50,35.10,1.15,600426,21204960,441
2026-05-29,TWSE,3653,健策,3580.00,3600.00,3415.00,3545.00,45.00,2343319,8221940120,10459
2026-05-29,TWSE,3661,世芯-KY,4470.00,4575.00,4315.00,4415.00,115.00,2199066,9743377815,10817
2026-05-29,TWSE,3665,貿聯-KY,2315.00,2315.00,2085.00,2085.00,-30.00,2705900,5781771335,8127
2026-05-29,TWSE,3669,圓展,38.45,39.00,38.05,38.20,-0.05,210925,8120339,161
2026-05-29,TWSE,3673,TPK-KY,81.70,88.50,78.80,86.30,5.30,41007388,3426042517,23278
2026-05-29,TWSE,3679,新至陞,121.00,121.00,120.00,120.50,0.00,56466,6806282,85
2026-05-29,TWSE,3686,達能,17.50,17.50,17.20,17.35,0.00,364865,6302057,208
2026-05-29,TWSE,3694,海華,67.60,70.20,67.30,69.50,2.90,2636138,182622589,1953
2026-05-29,TWSE,3701,大眾控,54.10,55.20,53.00,53.80,1.20,1574559,85057803,1250
2026-05-29,TWSE,3702,大聯大,123.00,123.00,116.50,117.50,-4.00,11002178,1301534051,7454
2026-05-29,TWSE,3703,欣陸,20.10,20.30,20.05,20.20,0.15,1366687,27549397,646
2026-05-29,TWSE,3704,合勤控,46.85,47.20,45.60,46.35,1.00,6329719,292801272,3611
2026-05-29,TWSE,3705,永信,55.60,56.00,55.40,55.80,0.20,236076,13132173,216
2026-05-29,TWSE,3706,神達,84.60,90.50,84.60,88.80,5.70,61351414,5411853676,36427
2026-05-29,TWSE,3708,上緯投控,126.00,126.50,123.50,124.50,0.50,873664,108943955,853
2026-05-29,TWSE,3711,日月光投控,642.00,644.00,608.00,611.00,-16.00,43968378,27140610946,72881
2026-05-29,TWSE,3712,永崴投控,16.60,18.25,16.50,18.25,1.65,2025386,35905661,1149
2026-05-29,TWSE,3714,富采,73.80,74.60,72.80,72.80,0.10,16691159,1226182492,11645
2026-05-29,TWSE,3715,定穎投控,173.00,179.50,171.50,173.50,2.50,9388270,1638850777,8112
2026-05-29,TWSE,3716,中化控股,34.05,34.40,34.05,34.25,-0.15,153360,5249973,169
2026-05-29,TWSE,3717,聯嘉投控,21.80,22.60,21.50,22.60,1.00,1489537,33148446,810
2026-05-29,TWSE,4104,佳醫,69.50,70.30,69.50,70.10,0.60,296029,20714810,370
2026-05-29,TWSE,4106,雃博,23.80,24.70,23.80,24.40,0.60,516589,12548477,411
2026-05-29,TWSE,4108,懷特,12.55,12.60,12.30,12.40,-0.15,192577,2392454,243
2026-05-29,TWSE,4119,旭富,40.50,41.05,40.50,40.80,0.10,185681,7566799,188
2026-05-29,TWSE,4133,亞諾法,20.60,21.15,20.35,21.05,0.50,213186,4426617,306
2026-05-29,TWSE,4137,麗豐-KY,102.00,103.50,102.00,103.00,1.00,221686,22749412,235
2026-05-29,TWSE,4142,國光生,17.00,17.25,16.90,17.15,0.20,1083886,18560078,573
2026-05-29,TWSE,4148,全宇生技-KY,30.55,31.05,30.30,30.30,-0.60,73605,2244949,95
2026-05-29,TWSE,4155,訊映,14.85,15.00,14.70,14.80,-0.05,413719,6122376,288
2026-05-29,TWSE,4164,承業醫,28.25,28.40,28.00,28.10,0.10,617173,17389349,429
2026-05-29,TWSE,4169,泰宗,154.50,157.50,154.00,157.00,2.50,130894,20390645,169
2026-05-29,TWSE,4178,永笙-KY,18.70,18.70,18.55,18.65,0.10,347530,6460305,157
2026-05-29,TWSE,4190,佐登-KY,25.00,25.00,24.35,24.40,0.20,25791,634793,68
2026-05-29,TWSE,4195,基米-創,16.70,16.85,16.25,16.55,-0.15,468242,7750463,308
2026-05-29,TWSE,4306,炎洲,13.80,14.10,13.80,14.05,0.20,2295134,32126642,973
2026-05-29,TWSE,4414,如興,7.90,7.90,7.72,7.84,0.01,445046,3468624,320
2026-05-29,TWSE,4426,利勤,7.64,7.92,7.64,7.82,0.10,115707,897669,88
2026-05-29,TWSE,4438,廣越,59.20,61.00,59.20,61.00,1.70,125717,7595076,175
2026-05-29,TWSE,4439,冠星-KY,92.50,92.60,91.50,92.60,1.20,6132,565498,12
2026-05-29,TWSE,4440,宜新實業,17.75,17.90,17.65,17.75,0.00,57895,1031094,42
2026-05-29,TWSE,4441,振大環球,202.50,204.00,200.00,203.00,-1.00,163243,33014235,110
2026-05-29,TWSE,4526,東台,39.00,40.30,38.80,38.95,0.50,7405636,291395557,4741
2026-05-29,TWSE,4532,瑞智,23.40,24.10,23.40,23.75,0.55,1177941,28058320,669
2026-05-29,TWSE,4536,拓凱,160.00,162.00,159.00,160.50,1.50,405594,65177060,398
2026-05-29,TWSE,4540,全球傳動,66.80,69.10,66.00,68.60,3.00,5876432,399266645,4422
2026-05-29,TWSE,4545,銘鈺,38.90,39.15,38.10,38.50,-0.15,543037,20907849,502
2026-05-29,TWSE,4551,智伸科,158.50,160.50,155.50,155.50,0.50,780091,122945912,926
2026-05-29,TWSE,4552,力達-KY,19.70,19.95,19.60,19.95,0.25,54680,1085602,82
2026-05-29,TWSE,4555,氣立,61.50,61.50,57.60,58.10,0.30,1553169,91397132,1367
2026-05-29,TWSE,4557,永新-KY,44.40,45.25,43.50,43.60,-1.25,162156,7122185,269
2026-05-29,TWSE,4560,強信-KY,32.10,32.35,31.55,32.00,-0.30,328326,10487694,204
2026-05-29,TWSE,4562,穎漢,40.70,43.70,40.50,41.45,1.15,2366870,100352990,1795
2026-05-29,TWSE,4564,元翎,15.20,15.50,15.20,15.50,0.30,1004549,15483270,483
2026-05-29,TWSE,4566,時碩工業,68.00,73.00,66.50,70.20,3.00,7407180,516418320,5409
2026-05-29,TWSE,4569,六方科-KY,181.50,181.50,178.00,180.50,1.50,52240,9407997,310
2026-05-29,TWSE,4571,鈞興-KY,213.50,229.50,211.00,222.00,10.00,1302155,287375256,1450
2026-05-29,TWSE,4572,駐龍,149.00,151.50,146.50,149.00,3.00,113842,16894419,243
2026-05-29,TWSE,4576,大銀微系統,261.00,272.00,258.00,266.50,11.00,3922511,1040833243,4767
2026-05-29,TWSE,4581,光隆精密-KY,49.80,50.30,49.50,49.50,-0.15,38008,1892154,24
2026-05-29,TWSE,4582,聚恆-創,25.60,26.15,24.85,25.10,-0.20,356910,9035691,198
2026-05-29,TWSE,4583,台灣精銳,704.00,719.00,700.00,719.00,27.00,290890,206058677,337
2026-05-29,TWSE,4585,達明,338.50,356.00,333.50,350.50,20.00,713779,248459458,1543
2026-05-29,TWSE,4588,玖鼎電力,56.50,58.40,56.10,56.40,1.20,177787,10130333,169
2026-05-29,TWSE,4590,富田-創,72.50,72.50,71.50,72.00,0.40,208905,15022087,198
2026-05-29,TWSE,4720,德淵,26.00,26.00,25.05,25.25,-0.50,3009929,76290238,1814
2026-05-29,TWSE,4722,國精化,277.00,289.50,275.00,285.00,13.00,826030,234877129,1080
2026-05-29,TWSE,4736,泰博,123.00,124.50,122.50,122.50,0.50,144525,17804453,177
2026-05-29,TWSE,4737,華廣,59.00,59.00,57.10,57.10,-2.80,123663,7181234,297
2026-05-29,TWSE,4739,康普,101.00,108.00,100.00,108.00,9.80,6774903,721534866,4301
2026-05-29,TWSE,4746,台耀,50.80,52.70,50.70,52.20,1.90,1449359,75374541,1131
2026-05-29,TWSE,4755,三福化,153.50,155.00,147.00,149.00,-1.50,503301,75531287,631
2026-05-29,TWSE,4763,材料*-KY,40.70,41.20,40.55,40.90,0.60,4558687,186342505,2651
2026-05-29,TWSE,4764,雙鍵,314.00,317.50,282.50,305.50,-6.50,4561399,1366264858,9363
2026-05-29,TWSE,4766,南寶,359.00,364.50,358.00,359.00,3.00,613775,221113195,817
2026-05-29,TWSE,4770,上品,259.50,261.50,253.00,255.00,1.00,575889,147607142,831
2026-05-29,TWSE,4771,望隼,200.00,201.00,196.00,197.50,-1.00,161387,31964431,206
2026-05-29,TWSE,4807,日成-KY,25.70,27.90,25.50,27.90,2.50,1076122,29663923,1036
2026-05-29,TWSE,4904,遠傳,93.60,94.90,93.50,94.60,1.00,20793915,1962631712,5692
2026-05-29,TWSE,4906,正文,49.90,51.50,47.45,49.70,2.40,64823151,3184835110,34629
2026-05-29,TWSE,4912,聯德控股-KY,111.00,115.50,107.50,115.00,9.00,2573868,289705087,4560
2026-05-29,TWSE,4915,致伸,72.30,75.40,72.30,73.90,3.20,8698020,642776372,4854
2026-05-29,TWSE,4916,事欣科,108.00,112.50,104.00,112.50,10.00,6667076,729874757,6321
2026-05-29,TWSE,4919,新唐,197.00,197.00,184.00,191.50,3.00,5100080,966340864,3923
2026-05-29,TWSE,4927,泰鼎-KY,58.80,59.40,55.60,56.20,-1.10,10967839,621458800,7262
2026-05-29,TWSE,4930,燦星網,17.45,17.80,17.45,17.60,0.15,39476,696893,79
2026-05-29,TWSE,4934,太極,16.95,17.25,16.80,17.25,0.35,1334504,22625641,717
2026-05-29,TWSE,4935,茂林-KY,37.75,40.90,37.65,40.90,3.70,493306,19910001,345
2026-05-29,TWSE,4938,和碩,85.50,89.40,85.30,88.50,5.10,38620432,3396649846,19525
2026-05-29,TWSE,4942,嘉彰,37.75,37.85,37.55,37.85,0.45,131719,4969161,66
2026-05-29,TWSE,4943,康控-KY,9.00,9.20,8.95,9.20,0.32,153985,1399880,75
2026-05-29,TWSE,4949,有成精密,98.70,98.70,94.10,94.60,-0.90,1945889,185832833,2002
2026-05-29,TWSE,4952,凌通,54.40,54.40,52.20,52.80,-0.50,1167339,61664456,952
2026-05-29,TWSE,4956,光鋐,45.90,46.30,45.25,45.40,0.20,2586796,117955134,1863
2026-05-29,TWSE,4958,臻鼎-KY,504.00,515.00,499.50,515.00,29.00,11454003,5824792666,15279
2026-05-29,TWSE,4960,誠美材,32.25,32.60,31.70,31.95,0.00,7490299,240019449,4647
2026-05-29,TWSE,4961,天鈺,172.50,173.00,168.50,172.50,2.50,798614,136346643,1030
2026-05-29,TWSE,4967,十銓,277.50,279.00,273.00,276.00,5.50,4992882,1379140624,5400
2026-05-29,TWSE,4968,立積,119.00,119.00,115.50,116.00,0.50,990513,115680116,1021
2026-05-29,TWSE,4976,佳凌,31.05,31.55,30.75,31.50,0.75,788932,24524305,602
2026-05-29,TWSE,4977,眾達-KY,211.00,216.50,208.50,210.50,0.00,3363536,711236920,3673
2026-05-29,TWSE,4989,榮科,103.00,109.50,102.00,104.50,2.00,19360833,2053401319,14116
2026-05-29,TWSE,4994,傳奇,91.10,91.90,90.00,91.00,0.90,22436,2037966,39
2026-05-29,TWSE,4999,鑫禾,19.60,20.50,19.60,20.00,0.35,165468,3297665,195
2026-05-29,TWSE,5007,三星,57.60,57.80,57.50,57.80,0.20,64528,3724460,103
2026-05-29,TWSE,5203,訊連,64.00,65.20,64.00,64.60,0.60,156109,10116458,144
2026-05-29,TWSE,5215,科嘉-KY,47.40,49.00,47.40,49.00,1.85,366429,17712005,279
2026-05-29,TWSE,5222,全訊,123.50,126.50,123.00,126.00,3.50,470800,59116420,637
2026-05-29,TWSE,5225,東科-KY,70.20,71.10,70.00,70.90,0.70,312023,22075947,233
2026-05-29,TWSE,5234,達興材料,415.00,418.00,406.00,409.00,-2.50,670462,274319217,1592
2026-05-29,TWSE,5243,乙盛-KY,123.50,129.00,121.00,126.50,6.00,8560150,1073382755,6583
2026-05-29,TWSE,5244,弘凱,38.80,38.80,38.05,38.10,-0.10,282303,10818655,220
2026-05-29,TWSE,5258,虹堡,51.70,51.80,49.95,50.00,-1.00,1960853,98901104,1491
2026-05-29,TWSE,5269,祥碩,1485.00,1485.00,1450.00,1465.00,25.00,1052124,1543832435,4124
2026-05-29,TWSE,5283,禾聯碩,52.00,52.30,52.00,52.10,0.00,114735,5986746,166
2026-05-29,TWSE,5284,jpp-KY,478.00,478.00,442.00,451.50,-8.50,1531179,692880597,2445
2026-05-29,TWSE,5285,界霖,92.50,94.00,89.10,90.10,0.00,5421694,494138493,4409
2026-05-29,TWSE,5288,豐祥-KY,157.50,160.00,156.00,156.00,2.00,146345,23139405,185
2026-05-29,TWSE,5292,華懋,232.00,232.50,225.00,226.00,-5.00,274284,62372529,1373
2026-05-29,TWSE,5306,桂盟,82.60,83.90,82.60,83.40,0.80,168217,14040160,189
2026-05-29,TWSE,5388,中磊,87.10,87.10,85.10,86.70,2.00,3895386,336103473,2711
2026-05-29,TWSE,5434,崇越,464.50,464.50,452.00,453.00,2.50,712060,324107423,1117
2026-05-29,TWSE,5469,瀚宇博,85.80,87.10,84.60,85.20,1.20,3367390,288436054,2326
2026-05-29,TWSE,5471,松翰,55.20,55.60,53.50,54.10,-1.50,4892496,265151472,3398
2026-05-29,TWSE,5484,慧友,48.00,50.50,47.80,48.75,1.90,1526083,75082145,1163
2026-05-29,TWSE,5515,建國,40.70,41.60,40.40,40.75,0.15,627932,25614610,963
2026-05-29,TWSE,5519,隆大,32.00,32.15,32.00,32.10,0.10,356302,11423791,270
2026-05-29,TWSE,5521,工信,10.25,10.35,10.10,10.35,0.20,3640749,37225811,1096
2026-05-29,TWSE,5522,遠雄,72.00,72.70,71.50,72.70,0.70,1807328,130808327,835
2026-05-29,TWSE,5525,順天,21.10,21.20,20.75,21.15,0.05,133714,2807409,64
2026-05-29,TWSE,5531,鄉林,7.70,7.72,7.60,7.64,0.00,609396,4650054,246
2026-05-29,TWSE,5533,皇鼎,13.95,14.05,13.90,14.00,0.05,78010,1090936,40
2026-05-29,TWSE,5534,長虹,74.80,74.80,74.10,74.10,-0.50,1148559,85330900,1166
2026-05-29,TWSE,5538,東明-KY,35.85,35.85,35.15,35.55,0.60,28785,1025098,41
2026-05-29,TWSE,5546,永固-KY,16.55,16.90,16.55,16.80,0.20,36200,607799,18
2026-05-29,TWSE,5607,遠雄港,49.70,50.60,49.70,50.30,0.80,733613,36826035,608
2026-05-29,TWSE,5608,四維航,14.50,14.50,14.30,14.35,0.05,1176231,16881183,636
2026-05-29,TWSE,5706,鳳凰,50.10,51.00,50.00,50.70,0.60,245727,12428437,246
2026-05-29,TWSE,5871,中租-KY,108.00,109.50,107.00,107.50,0.50,15423401,1666123523,5568
2026-05-29,TWSE,5871A,中租-KY甲特,102.50,102.50,102.00,102.00,-0.50,194819,19898138,89
2026-05-29,TWSE,5876,上海商銀,39.05,39.75,38.80,39.75,1.10,23187292,915032306,5739
2026-05-29,TWSE,5880,合庫金,22.70,22.85,22.60,22.85,0.15,71316116,1626081219,10201
2026-05-29,TWSE,5906,台南-KY,,,,,0.00,477,20248,2
2026-05-29,TWSE,5907,大洋-KY,4.96,5.03,4.96,5.00,0.04,238810,1192370,95
2026-05-29,TWSE,6005,群益證,36.80,38.50,36.50,38.50,2.50,17154226,646155200,7969
2026-05-29,TWSE,6024,群益期,56.70,57.70,56.70,57.70,1.20,602135,34447808,626
2026-05-29,TWSE,6108,競國,20.50,20.50,19.80,19.90,-0.25,2425316,48601120,1066
2026-05-29,TWSE,6112,邁達特,42.05,43.15,41.95,42.80,0.90,528097,22565901,396
2026-05-29,TWSE,6115,鎰勝,47.60,47.60,47.30,47.50,-0.10,155342,7365983,149
2026-05-29,TWSE,6116,彩晶,16.50,17.10,15.75,17.10,1.55,289351189,4861840165,62259
2026-05-29,TWSE,6117,迎廣,84.80,84.80,82.50,84.00,1.40,827113,69177415,747
2026-05-29,TWSE,6120,達運,14.05,14.45,13.85,14.35,0.60,4929934,70292761,1738
2026-05-29,TWSE,6128,上福,19.30,19.50,19.25,19.45,0.10,182178,3530024,96
2026-05-29,TWSE,6133,金橋,23.15,23.50,22.90,23.30,0.35,1010303,23412961,577
2026-05-29,TWSE,6136,富爾特,25.70,25.85,25.65,25.75,0.15,247374,6372279,173
2026-05-29,TWSE,6139,亞翔,781.00,792.00,768.00,784.00,12.00,3939440,3066166240,7405
2026-05-29,TWSE,6141,柏承,44.20,47.45,42.20,46.00,2.80,10248368,461390647,5581
2026-05-29,TWSE,6142,友勁,8.15,8.34,8.10,8.27,0.12,520379,4300197,260
2026-05-29,TWSE,6152,百一,15.30,15.45,15.00,15.30,0.30,1005560,15258575,544
2026-05-29,TWSE,6153,嘉聯益,17.85,18.05,17.70,17.90,0.30,3191622,57115099,1407
2026-05-29,TWSE,6155,鈞寶,70.60,70.80,61.90,62.80,-1.70,17534330,1128274792,13729
2026-05-29,TWSE,6164,華興,12.25,12.25,12.00,12.10,-0.05,532526,6444295,321
2026-05-29,TWSE,6165,浪凡,48.35,49.15,48.35,48.50,0.30,555204,27068861,312
2026-05-29,TWSE,6166,凌華,135.00,135.00,128.00,132.00,2.50,2365202,309577170,3398
2026-05-29,TWSE,6168,宏齊,27.65,28.35,27.35,27.90,0.50,3274803,91050274,2028
2026-05-29,TWSE,6176,瑞儀,103.50,109.50,102.00,106.50,4.50,10413493,1109843242,7599
2026-05-29,TWSE,6177,達麗,41.85,42.40,41.80,42.40,0.60,1855662,77997009,1344
2026-05-29,TWSE,6183,關貿,90.90,91.00,87.00,90.60,-0.50,197453,17742991,278
2026-05-29,TWSE,6184,大豐電,45.90,46.30,45.85,46.05,0.15,72366,3326671,113
2026-05-29,TWSE,6189,豐藝,50.60,51.00,50.20,50.30,0.20,772034,38966254,855
2026-05-29,TWSE,6191,精成科,98.30,98.80,96.40,97.00,-0.10,6146258,598146892,4851
2026-05-29,TWSE,6192,巨路,128.00,129.00,126.50,128.50,0.50,453125,57800454,369
2026-05-29,TWSE,6196,帆宣,517.00,522.00,506.00,511.00,15.00,2183542,1122440788,3747
2026-05-29,TWSE,6197,佳必琪,287.00,298.00,277.00,297.00,14.50,6987775,2004765366,8361
2026-05-29,TWSE,6201,亞弘電,47.80,48.95,47.80,48.60,0.15,47848,2319316,55
2026-05-29,TWSE,6202,盛群,60.20,60.20,57.90,58.70,-0.40,3041013,178786514,2598
2026-05-29,TWSE,6205,詮欣,79.00,79.10,77.70,78.00,1.00,857091,67014060,806
2026-05-29,TWSE,6206,飛捷,141.00,141.00,137.00,137.50,-1.00,1778545,246250631,1656
2026-05-29,TWSE,6209,今國光,81.30,81.90,80.30,81.70,1.00,6317834,513398093,4361
2026-05-29,TWSE,6213,聯茂,270.00,280.00,267.50,268.50,7.50,20471464,5582558065,20744
2026-05-29,TWSE,6214,精誠,131.00,132.50,131.00,131.00,2.00,1623520,213556092,1556
2026-05-29,TWSE,6215,和椿,126.50,131.00,125.00,127.50,3.00,3791740,486357214,3668
2026-05-29,TWSE,6216,居易,22.40,22.80,22.35,22.40,0.05,225101,5057931,151
2026-05-29,TWSE,6224,聚鼎,97.50,97.50,93.30,95.00,6.30,8094865,778016794,6823
2026-05-29,TWSE,6225,天瀚,26.10,26.25,24.00,24.00,-2.00,27675,693380,35
2026-05-29,TWSE,6226,光鼎,13.20,13.30,12.90,13.00,-0.05,1594907,20794167,788
2026-05-29,TWSE,6230,尼得科超眾,134.00,136.00,134.00,135.50,1.50,74455,10055417,337
2026-05-29,TWSE,6235,華孚,44.10,46.00,42.85,45.00,1.15,8756834,389027718,5141
2026-05-29,TWSE,6239,力成,377.00,387.00,367.00,379.00,21.50,17024627,6432847648,22604
2026-05-29,TWSE,6243,迅杰,34.20,34.20,33.55,33.70,0.00,350319,11842801,305
2026-05-29,TWSE,6257,矽格,234.00,236.50,224.50,227.50,-1.50,13335409,3064169640,11913
2026-05-29,TWSE,6269,台郡,62.30,63.00,61.70,62.90,2.10,2807130,175527603,1710
2026-05-29,TWSE,6271,同欣電,250.00,250.50,244.50,247.00,2.50,2842670,705922715,5165
2026-05-29,TWSE,6272,驊陞,34.30,35.45,34.25,34.35,0.15,358853,12450794,264
2026-05-29,TWSE,6277,宏正,78.00,78.90,76.50,78.00,2.00,527249,40887737,521
2026-05-29,TWSE,6278,台表科,227.00,228.00,216.00,221.00,-1.50,10538752,2330679007,11134
2026-05-29,TWSE,6281,全國電,50.80,51.60,50.80,51.00,0.30,175871,8988323,172
2026-05-29,TWSE,6282,康舒,59.40,60.50,57.00,59.90,2.20,46988603,2777926592,28342
2026-05-29,TWSE,6283,淳安,23.70,24.20,23.70,24.00,0.30,192027,4606725,128
2026-05-29,TWSE,6285,啟碁,316.00,331.00,307.50,319.00,15.00,26333214,8415096062,27999
2026-05-29,TWSE,6405,悅城,75.70,80.00,75.70,79.80,2.90,676508,53099149,594
2026-05-29,TWSE,6409,旭隼,711.00,715.00,696.00,709.00,10.00,991985,700562668,1608
2026-05-29,TWSE,6412,群電,102.00,103.50,100.00,102.00,3.20,2272632,231250198,1906
2026-05-29,TWSE,6414,樺漢,359.00,360.50,355.50,360.50,8.00,1434857,514601118,1632
2026-05-29,TWSE,6415,矽力*-KY,626.00,629.00,585.00,600.00,-20.00,7824788,4698874043,11679
2026-05-29,TWSE,6416,瑞祺電通,89.30,90.70,88.60,88.90,0.30,325716,29071610,302
2026-05-29,TWSE,6426,統新,268.00,273.00,264.50,267.00,6.50,895708,240629432,1046
2026-05-29,TWSE,6431,光麗-KY,19.55,19.55,18.25,18.65,-0.40,164550,3065289,126
2026-05-29,TWSE,6438,迅得,176.50,179.00,174.00,175.00,0.50,1754175,308808427,7167
2026-05-29,TWSE,6442,光聖,1940.00,1940.00,1845.00,1845.00,-50.00,3192701,5979486695,17130
2026-05-29,TWSE,6443,元晶,41.00,41.25,40.20,40.70,0.25,12008262,487834084,6880
2026-05-29,TWSE,6446,藥華藥,870.00,934.00,868.00,930.00,68.00,5399400,4945086882,7654
2026-05-29,TWSE,6449,鈺邦,412.50,412.50,368.00,395.00,20.00,253211,98410488,554
2026-05-29,TWSE,6451,訊芯-KY,587.00,591.00,561.00,570.00,1.00,4136973,2374385757,6760
2026-05-29,TWSE,6456,GIS-KY,72.00,77.40,72.00,76.50,4.90,18360080,1371259036,11519
2026-05-29,TWSE,6464,台數科,77.90,78.20,77.90,78.00,0.00,177261,13830861,66
2026-05-29,TWSE,6472,保瑞,339.00,348.00,337.00,346.00,10.00,1079165,372592838,2002
2026-05-29,TWSE,6477,安集,34.05,34.15,33.65,33.85,0.60,470775,15915050,327
2026-05-29,TWSE,6491,晶碩,320.50,326.00,320.00,321.50,2.50,388140,125077953,569
2026-05-29,TWSE,6504,南六,36.30,37.45,36.30,36.60,-0.30,105569,3866315,128
2026-05-29,TWSE,6505,台塑化,49.95,51.50,49.95,51.40,1.50,9994125,509441539,5003
2026-05-29,TWSE,6515,穎崴,9205.00,9390.00,8665.00,8665.00,-455.00,685628,6057012315,26934
2026-05-29,TWSE,6525,捷敏-KY,125.50,126.00,120.50,123.00,0.50,1490473,182564548,4501
2026-05-29,TWSE,6526,達發,678.00,678.00,657.00,659.00,-1.00,779235,517530255,2832
2026-05-29,TWSE,6531,愛普*,1160.00,1200.00,1140.00,1190.00,95.00,13570160,16073314445,15578
2026-05-29,TWSE,6533,晶心科,221.50,223.50,217.00,219.00,-0.50,508665,111732615,1223
2026-05-29,TWSE,6534,正瀚-創,95.00,97.10,94.90,96.00,0.00,378786,36370006,259
2026-05-29,TWSE,6541,泰福-KY,37.90,39.40,37.90,39.00,1.60,512543,19964533,474
2026-05-29,TWSE,6550,北極星藥業-KY,14.05,14.20,13.50,13.50,-0.70,8254253,112576789,1775
2026-05-29,TWSE,6552,易華電,34.85,35.30,33.70,34.75,0.65,707118,24347257,1084
2026-05-29,TWSE,6558,興能高,32.40,33.30,32.00,32.30,0.00,1139938,36915759,1006
2026-05-29,TWSE,6573,虹揚-KY,16.30,16.30,16.30,16.30,1.45,1776618,28958857,487
2026-05-29,TWSE,6579,研揚,172.00,175.50,169.50,170.00,0.50,1219675,210310563,1108
2026-05-29,TWSE,6581,鋼聯,106.50,108.00,106.50,108.00,1.50,32536,3508384,76
2026-05-29,TWSE,6582,申豐,30.65,30.70,30.40,30.65,0.05,85532,2612303,169
2026-05-29,TWSE,6585,鼎基,99.30,99.30,96.20,97.40,0.20,184600,17938877,1002
2026-05-29,TWSE,6589,台康生技,41.05,42.45,41.00,42.15,0.65,5758323,242035717,1027
2026-05-29,TWSE,6591,動力-KY,55.60,58.80,55.60,57.20,2.80,1232174,70546981,1052
2026-05-29,TWSE,6592,和潤企業,60.40,60.40,59.90,60.40,0.40,931003,55998864,739
2026-05-29,TWSE,6592A,和潤企業甲特,96.80,97.00,96.80,96.80,0.50,7559,732509,9
2026-05-29,TWSE,6592B,和潤企業乙特,97.00,97.00,97.00,97.00,0.00,9542,925566,21
2026-05-29,TWSE,6598,ABC-KY,25.30,25.35,24.65,24.75,0.00,125037,3106782,117
2026-05-29,TWSE,6605,帝寶,150.50,150.50,143.50,146.00,5.50,4018620,590254391,3818
2026-05-29,TWSE,6606,建德工業,25.70,25.90,25.30,25.90,0.15,190771,4893024,127
2026-05-29,TWSE,6614,資拓宏宇,39.60,40.30,39.10,39.25,0.25,130587,5187655,126
2026-05-29,TWSE,6625,必應,72.40,74.00,72.40,73.40,1.20,140898,10333960,178
2026-05-29,TWSE,6641,基士德-KY,18.40,18.60,17.80,18.30,0.05,33525,612985,37
2026-05-29,TWSE,6645,金萬林-創,11.40,12.35,11.40,11.95,0.05,101752,1205367,75
2026-05-29,TWSE,6655,科定,131.50,132.00,131.00,131.50,0.50,8662,1132982,33
2026-05-29,TWSE,6657,華安,39.60,39.60,38.10,38.60,0.30,130936,5022315,128
2026-05-29,TWSE,6658,聯策,221.00,228.00,219.00,220.00,3.50,1140367,253261329,1222
2026-05-29,TWSE,6666,羅麗芬-KY,40.50,41.00,39.80,40.15,0.55,20171,814557,25
2026-05-29,TWSE,6668,中揚光,39.95,39.95,39.30,39.55,0.45,420337,16682781,308
2026-05-29,TWSE,6669,緯穎,5130.00,5445.00,5075.00,5445.00,495.00,3282663,17703445640,26736
2026-05-29,TWSE,6670,復盛應用,257.50,266.00,257.50,261.50,3.50,693883,182659560,783
2026-05-29,TWSE,6671,三能-KY,27.35,27.35,26.90,27.00,0.20,44738,1210358,39
2026-05-29,TWSE,6672,騰輝電子-KY,220.50,224.00,219.00,222.50,7.50,6842632,1514152247,7282
2026-05-29,TWSE,6674,鋐寶科技,18.30,18.30,17.90,18.20,0.15,28103,508384,32
2026-05-29,TWSE,6689,伊雲谷,65.10,65.90,64.70,65.00,0.40,222141,14517184,217
2026-05-29,TWSE,6691,洋基工程,651.00,655.00,640.00,650.00,12.00,389388,251970690,885
2026-05-29,TWSE,6695,芯鼎,58.80,59.10,56.30,58.20,0.40,2327104,133985806,1856
2026-05-29,TWSE,6698,旭暉應材,37.00,38.20,36.10,37.65,1.45,3943761,147201347,2598
2026-05-29,TWSE,6706,惠特,209.50,213.00,200.50,205.50,3.00,12521258,2576982982,10144
2026-05-29,TWSE,6715,嘉基,429.50,453.50,426.00,436.00,6.50,311079,137109554,636
2026-05-29,TWSE,6719,力智,254.50,255.00,242.50,247.00,-1.50,2548395,631796265,3265
2026-05-29,TWSE,6722,輝創,37.55,37.80,37.05,37.70,0.75,81391,3063118,67
2026-05-29,TWSE,6742,澤米,58.00,58.00,56.60,57.90,0.90,780876,44993299,624
2026-05-29,TWSE,6743,安普新,29.80,30.00,29.25,29.35,0.00,551594,16266488,405
2026-05-29,TWSE,6753,龍德造船,126.50,132.00,126.50,128.50,4.50,2066885,265658703,1536
2026-05-29,TWSE,6754,匯僑設計,44.50,44.50,43.50,43.50,0.00,28343,1241267,23
2026-05-29,TWSE,6756,威鋒電子,103.00,103.50,99.00,100.00,-1.00,486986,48972579,574
2026-05-29,TWSE,6757,台灣虎航,55.20,56.70,55.20,56.70,1.90,2395030,134657770,3126
2026-05-29,TWSE,6768,志強-KY,82.90,84.10,82.90,84.10,1.80,282693,23623387,285
2026-05-29,TWSE,6770,力積電,85.40,88.70,78.80,88.70,8.00,829646406,70112295081,353091
2026-05-29,TWSE,6771,平和環保-創,42.75,42.75,41.80,42.00,0.30,13314,561650,18
2026-05-29,TWSE,6776,展碁國際,57.60,58.70,57.60,58.50,1.00,261999,15270194,227
2026-05-29,TWSE,6781,AES-KY,1185.00,1210.00,1150.00,1160.00,0.00,1162296,1364903130,3879
2026-05-29,TWSE,6782,視陽,190.50,193.00,190.00,193.00,3.00,170764,32676186,223
2026-05-29,TWSE,6789,采鈺,533.00,535.00,522.00,526.00,2.00,2765329,1460929394,5458
2026-05-29,TWSE,6790,永豐實,39.20,39.40,39.20,39.35,0.15,76259,2998054,77
2026-05-29,TWSE,6792,詠業,73.20,73.90,70.50,71.10,-1.40,268350,19184094,421
2026-05-29,TWSE,6794,向榮生技,80.50,80.50,79.60,79.90,0.10,25001,2002971,24
2026-05-29,TWSE,6796,晉弘,60.80,62.00,60.10,60.90,-1.30,180959,10996599,200
2026-05-29,TWSE,6799,來頡,115.50,115.50,108.50,110.00,-1.50,1656431,183530072,1350
2026-05-29,TWSE,6805,富世達,1835.00,1940.00,1800.00,1930.00,165.00,4063304,7686167865,13998
2026-05-29,TWSE,6806,森崴能源,5.49,6.71,5.49,6.71,0.61,17317026,100239838,9625
2026-05-29,TWSE,6807,峰源-KY,33.10,33.40,32.80,32.95,-0.10,28000,925250,21
2026-05-29,TWSE,6830,汎銓,715.00,716.00,675.00,678.00,-8.00,1539894,1068847114,4539
2026-05-29,TWSE,6831,邁科,808.00,809.00,717.00,742.00,-48.00,2188736,1652759512,4112
2026-05-29,TWSE,6834,天二科技,75.00,75.20,71.60,75.20,4.70,862197,63636347,704
2026-05-29,TWSE,6835,圓裕,39.00,39.20,38.55,39.10,0.10,609271,23673266,266
2026-05-29,TWSE,6838,台新藥,24.75,25.00,24.75,24.90,0.15,123377,3063008,106
2026-05-29,TWSE,6854,錼創科技-KY創,156.50,158.00,151.00,151.50,-0.50,518681,79022958,924
2026-05-29,TWSE,6861,睿生光電,419.50,452.50,417.00,440.00,24.00,1766201,773271034,2100
2026-05-29,TWSE,6862,三集瑞-KY,224.00,224.50,220.50,224.50,20.00,1577735,353656960,1222
2026-05-29,TWSE,6863,永道-KY,109.50,111.00,109.00,109.50,0.00,97994,10734950,165
2026-05-29,TWSE,6869,雲豹能源,84.50,86.00,83.20,86.00,2.60,799707,67594854,678
2026-05-29,TWSE,6873,泓德能源,91.10,91.10,88.60,89.10,-0.70,2147894,191509517,772
2026-05-29,TWSE,6885,全福生技,20.55,21.00,20.55,20.70,0.00,417342,8633237,270
2026-05-29,TWSE,6887,寶綠特-KY,34.80,35.00,34.50,34.50,-0.30,61201,2122258,39
2026-05-29,TWSE,6890,來億-KY,171.00,171.00,167.00,167.50,-2.00,509764,86118995,554
2026-05-29,TWSE,6901,鑽石投資,12.30,12.90,12.25,12.40,0.10,928729,11604660,714
2026-05-29,TWSE,6902,GOGOLOOK,137.50,143.00,136.00,143.00,8.50,359135,50072322,348
2026-05-29,TWSE,6906,現觀科,113.50,114.50,109.00,109.00,0.50,293206,32508279,294
2026-05-29,TWSE,6908,宏碁遊戲-創,37.35,38.50,37.35,38.00,0.65,19125,730822,16
2026-05-29,TWSE,6909,創控,51.90,55.10,51.80,53.50,2.20,863093,46298960,720
2026-05-29,TWSE,6914,阜爾運通,140.50,141.50,140.50,141.00,0.00,69739,9831770,169
2026-05-29,TWSE,6916,華凌,18.10,18.15,17.70,17.95,-0.05,47033,844980,32
2026-05-29,TWSE,6918,愛派司,74.50,74.70,73.30,73.30,0.30,25819,1912159,47
2026-05-29,TWSE,6919,康霈*,100.00,104.50,99.20,100.50,2.50,10857641,1104872551,5153
2026-05-29,TWSE,6921,嘉雨思-創,75.60,76.00,74.20,76.00,1.00,30513,2300069,50
2026-05-29,TWSE,6923,中台,78.00,78.20,77.10,77.60,-0.20,161492,12521386,126
2026-05-29,TWSE,6924,榮惠-KY創,180.50,189.00,170.00,182.00,7.00,121369,21683458,158
2026-05-29,TWSE,6928,攸泰科技,46.40,48.45,46.20,47.00,0.60,277171,13111082,270
2026-05-29,TWSE,6931,青松健康,40.00,40.05,39.60,39.90,0.10,64895,2587650,100
2026-05-29,TWSE,6933,AMAX-KY,158.50,172.50,158.50,172.50,15.50,466925,78703502,493
2026-05-29,TWSE,6934,心誠鎂,73.30,75.50,72.80,73.90,-0.60,67342,4960978,60
2026-05-29,TWSE,6936,永鴻生技,32.70,33.20,32.70,32.90,0.20,38660,1273761,56
2026-05-29,TWSE,6937,天虹,316.00,316.00,301.50,303.00,-5.00,660900,201911708,1666
2026-05-29,TWSE,6944,兆聯實業,936.00,952.00,931.00,946.00,22.00,781906,739117417,1560
2026-05-29,TWSE,6949,沛爾生醫*-創,675.00,675.00,643.00,645.00,-23.00,235781,154306377,532
2026-05-29,TWSE,6951,青新-創,81.90,82.90,81.90,82.70,1.30,43873,3618420,78
2026-05-29,TWSE,6952,大武山,37.15,37.90,36.35,36.50,0.15,20163,739648,24
2026-05-29,TWSE,6955,邦睿生技-創,150.00,150.00,145.00,145.50,-4.50,36110,5299516,35
2026-05-29,TWSE,6957,裕慶-KY,166.50,168.00,163.50,167.00,3.50,115911,19198815,108
2026-05-29,TWSE,6958,日盛台駿,17.15,17.35,17.10,17.10,0.00,172750,2979683,63
2026-05-29,TWSE,6958A,日盛台駿甲特,18.40,18.40,18.40,18.40,0.00,7000,128800,4
2026-05-29,TWSE,6962,奕力-KY,38.05,38.50,37.65,38.25,0.70,3766614,143102952,2057
2026-05-29,TWSE,6965,中傑-KY,79.00,79.50,76.80,77.90,-0.10,78731,6105291,113
2026-05-29,TWSE,6969,成信實業*-創,28.10,28.10,27.75,28.00,0.20,33000,919450,23
2026-05-29,TWSE,6988,威力暘-創,16.45,16.45,15.55,15.80,-0.65,85036,1344368,46
2026-05-29,TWSE,6994,富威電力,62.00,66.50,61.00,64.80,3.20,1131076,72302579,916
2026-05-29,TWSE,7610,聯友金屬-創,1470.00,1475.00,1450.00,1475.00,130.00,338129,497140860,1108
2026-05-29,TWSE,7631,聚賢研發-創,124.50,128.00,124.50,125.00,2.50,24988,3139692,36
2026-05-29,TWSE,7705,三商餐飲,30.70,30.95,30.70,30.90,0.20,33709,1038713,83
2026-05-29,TWSE,7711,永擎,370.50,402.50,370.50,402.50,36.50,1213577,479963771,2219
2026-05-29,TWSE,7721,微程式,74.20,74.50,71.80,72.80,-1.10,792667,57656716,643
2026-05-29,TWSE,7722,LINEPAY,258.50,265.50,258.50,262.50,4.00,130557,34256499,384
2026-05-29,TWSE,7730,暉盛-創,215.50,216.50,210.00,213.50,-0.50,79623,16957726,80
2026-05-29,TWSE,7732,金興精密,36.00,36.00,35.50,36.00,0.00,5161,185822,15
2026-05-29,TWSE,7736,虎山,75.00,76.80,74.60,75.00,1.30,50295,3814123,105
2026-05-29,TWSE,7740,熙特爾-創,188.00,196.00,185.00,185.00,6.00,1313126,251132049,1480
2026-05-29,TWSE,7749,意騰-KY,497.00,498.50,485.50,495.50,7.50,397331,196097611,775
2026-05-29,TWSE,7750,新代,2400.00,2445.00,2360.00,2390.00,15.00,283843,679994140,1769
2026-05-29,TWSE,7760,享溫馨,32.85,32.85,32.55,32.80,-0.05,137703,4509346,60
2026-05-29,TWSE,7765,中華資安,249.00,250.00,247.50,247.50,0.00,62103,15439670,138
2026-05-29,TWSE,7768,頌勝科技,369.00,378.50,369.00,378.50,13.00,145524,54771731,311
2026-05-29,TWSE,7769,鴻勁,8000.00,8465.00,7815.00,8260.00,560.00,1880557,15419435905,12438
2026-05-29,TWSE,7780,大研生醫*,17.60,17.65,17.45,17.60,0.00,1948799,34225955,1018
2026-05-29,TWSE,7786,東方風能,116.00,120.00,116.00,118.50,4.00,294126,34781935,264
2026-05-29,TWSE,7788,松川精密,187.00,191.50,185.00,191.00,10.00,890467,167655309,1581
2026-05-29,TWSE,7791,皇家可口,66.90,68.00,66.80,68.00,1.10,99509,6693622,224
2026-05-29,TWSE,7795,長廣,402.50,420.00,397.50,407.50,7.00,423507,171761491,1663
2026-05-29,TWSE,7799,禾榮科,323.50,324.50,318.00,318.00,-3.00,242409,77575370,701
2026-05-29,TWSE,7803,雲象科技-創,22.10,22.65,22.10,22.40,0.00,168518,3778778,99
2026-05-29,TWSE,7818,溢泰實業,66.50,67.00,65.80,65.80,-0.10,441887,29353274,342
2026-05-29,TWSE,7821,神數,43.85,44.40,43.25,44.15,1.20,411736,18040952,299
2026-05-29,TWSE,7822,倍利科,1120.00,1130.00,1055.00,1075.00,-40.00,410001,443673785,3439
2026-05-29,TWSE,7823,奧義賽博-KY創,98.40,100.00,94.20,99.70,0.70,40048,3951538,80
2026-05-29,TWSE,7827,漢康-KY創,141.00,150.00,136.00,137.00,0.00,2545365,354915327,745
2026-05-29,TWSE,8011,台通,17.90,18.15,17.80,18.05,0.30,925960,16670281,556
2026-05-29,TWSE,8016,矽創,304.00,306.00,298.00,306.00,6.00,4044659,1224537736,8770
2026-05-29,TWSE,8021,尖點,438.00,450.00,438.00,450.00,32.00,1904140,849744927,2693
2026-05-29,TWSE,8028,昇陽半導體,365.00,365.00,325.00,327.00,-7.50,16378766,5520787175,17166
2026-05-29,TWSE,8033,雷虎,139.00,145.50,139.00,143.00,8.00,7357597,1047952870,6082
2026-05-29,TWSE,8039,台虹,161.00,168.50,156.00,162.00,8.50,41757020,6882476101,22913
2026-05-29,TWSE,8045,達運光電,64.80,66.20,64.00,66.00,1.40,225013,14681854,243
2026-05-29,TWSE,8046,南電,860.00,867.00,825.00,848.00,-2.00,17926232,15201035788,39652
2026-05-29,TWSE,8070,長華*,52.10,53.00,50.30,52.50,1.60,9772984,508190184,5832
2026-05-29,TWSE,8072,陞泰,27.45,27.75,27.30,27.35,0.05,212254,5828118,196
2026-05-29,TWSE,8081,致新,289.00,289.00,281.50,283.00,-3.50,1127628,319623654,4409
2026-05-29,TWSE,8101,華冠,13.10,13.30,13.10,13.25,-0.55,10422,137931,28
2026-05-29,TWSE,8103,瀚荃,104.00,111.50,103.00,111.50,10.00,3333458,364874325,3961
2026-05-29,TWSE,8104,錸寶,43.30,43.50,40.95,41.15,0.20,15570788,656235383,9215
2026-05-29,TWSE,8105,凌巨,17.10,17.90,16.85,17.55,0.95,9756849,169927104,3732
2026-05-29,TWSE,8110,華東,64.20,67.70,63.10,64.90,2.90,62297493,4080136127,37446
2026-05-29,TWSE,8112,至上,87.70,89.30,86.40,88.60,2.60,29849104,2629741228,19691
2026-05-29,TWSE,8112A,至上甲特,46.30,46.35,46.30,46.30,0.05,32683,1513639,36
2026-05-29,TWSE,8114,振樺電,251.00,259.50,239.00,246.00,0.00,1504598,373450875,6169
2026-05-29,TWSE,8131,福懋科,71.80,74.50,70.50,73.50,4.30,14266624,1039842673,12842
2026-05-29,TWSE,8150,南茂,113.00,113.00,113.00,113.00,10.00,13898178,1570494114,5326
2026-05-29,TWSE,8162,微矽電子-創,75.40,75.90,71.80,73.50,-3.50,1161366,85604618,1235
2026-05-29,TWSE,8163,達方,37.10,40.00,37.10,39.30,2.55,10405996,406932822,6382
2026-05-29,TWSE,8201,無敵,12.80,13.90,12.80,13.45,0.45,393204,5296750,200
2026-05-29,TWSE,8210,勤誠,1360.00,1380.00,1335.00,1365.00,40.00,1081877,1466643735,2962
2026-05-29,TWSE,8213,志超,39.10,39.90,38.55,39.00,0.10,1138798,44270700,717
2026-05-29,TWSE,8215,明基材,28.75,30.05,28.70,29.45,0.75,4652454,137516846,2688
2026-05-29,TWSE,8222,寶一,36.35,37.85,36.30,36.35,0.60,957494,35209427,824
2026-05-29,TWSE,8249,菱光,55.50,56.90,55.20,55.80,1.00,1503850,84414104,1150
2026-05-29,TWSE,8261,富鼎,193.00,193.00,173.50,181.00,-9.00,16747454,3032660108,21275
2026-05-29,TWSE,8271,宇瞻,242.00,247.50,239.50,245.50,8.50,5991499,1465003696,5794
2026-05-29,TWSE,8341,日友,74.90,75.50,74.90,75.20,0.40,170657,12827282,256
2026-05-29,TWSE,8367,建新國際,40.10,40.85,40.10,40.85,0.35,39098,1584133,22
2026-05-29,TWSE,8374,羅昇,104.00,108.00,102.50,106.00,4.00,2066517,217826973,1967
2026-05-29,TWSE,8404,百和興業-KY,16.50,16.50,16.25,16.35,0.20,285070,4658693,201
2026-05-29,TWSE,8411,福貞-KY,11.80,12.20,11.80,12.20,0.40,216025,2568820,131
2026-05-29,TWSE,8422,可寧衛*,27.00,27.30,26.70,26.90,0.20,7161633,192915339,4498
2026-05-29,TWSE,8429,金麗-KY,6.21,6.26,6.17,6.22,0.01,193339,1200062,198
2026-05-29,TWSE,8438,昶昕,87.00,90.00,85.80,86.20,0.20,344188,29856958,327
2026-05-29,TWSE,8442,威宏-KY,40.00,40.00,39.35,39.95,0.20,131201,5223975,81
2026-05-29,TWSE,8443,阿瘦,11.25,11.25,11.15,11.15,-0.15,84362,945111,102
2026-05-29,TWSE,8454,富邦媒,219.00,231.00,216.00,231.00,21.00,3691482,836464805,8461
2026-05-29,TWSE,8462,柏文,140.50,140.50,139.00,139.50,1.00,97595,13640174,150
2026-05-29,TWSE,8463,潤泰材,21.65,21.90,21.60,21.85,0.20,83005,1804408,49
2026-05-29,TWSE,8464,億豐,312.50,321.50,311.00,317.50,9.00,1162750,369698123,1201
2026-05-29,TWSE,8466,美吉吉-KY,16.00,16.85,16.00,16.50,0.50,196794,3229290,155
2026-05-29,TWSE,8467,波力-KY,126.50,129.00,126.50,128.00,1.50,36528,4665294,55
2026-05-29,TWSE,8473,山林水,46.70,50.50,46.10,50.40,4.45,6820723,333280588,6122
2026-05-29,TWSE,8476,台境*,15.35,15.60,15.30,15.35,0.00,456167,7047376,182
2026-05-29,TWSE,8478,東哥遊艇,152.50,153.50,151.50,153.00,3.00,157922,24086724,261
2026-05-29,TWSE,8481,政伸,41.00,41.45,41.00,41.00,-0.10,41135,1690954,25
2026-05-29,TWSE,8482,商億-KY,49.95,49.95,48.25,48.30,-0.70,16002,782148,15
2026-05-29,TWSE,8487,愛爾達-創,81.00,81.90,80.50,80.70,0.00,65829,5346867,100
2026-05-29,TWSE,8488,吉源-KY,9.85,9.94,9.85,9.90,0.14,10010,98947,10
2026-05-29,TWSE,8499,鼎炫-KY,320.00,326.00,317.50,321.00,7.00,117294,37744721,368
2026-05-29,TWSE,8926,台汽電,68.80,69.00,65.20,66.60,-0.70,13091315,874576052,10980
2026-05-29,TWSE,8940,新天地,16.70,17.00,16.40,16.60,0.00,137093,2289095,159
2026-05-29,TWSE,8996,高力,1120.00,1125.00,1065.00,1090.00,-5.00,2618890,2870628120,4927
2026-05-29,TWSE,9103,美德醫療-DR,5.42,5.42,5.20,5.23,-0.07,1289130,6772885,442
2026-05-29,TWSE,910322,康師傅-DR,23.55,24.05,23.55,24.05,0.50,20518,488240,40
2026-05-29,TWSE,9105,泰金寶-DR,8.89,9.17,8.55,8.80,0.29,120114525,1060808028,27919
2026-05-29,TWSE,910861,神州-DR,4.50,4.65,4.50,4.58,0.08,28041,128234,27
2026-05-29,TWSE,9110,越南控-DR,2.70,2.80,2.70,2.80,0.09,13001,35942,13
2026-05-29,TWSE,911608,明輝-DR,2.71,2.71,2.63,2.67,0.00,60050,159040,70
2026-05-29,TWSE,911622,泰聚亨-DR,3.57,3.64,3.55,3.64,-0.01,76004,270604,31
2026-05-29,TWSE,911868,同方友友-DR,1.27,1.32,1.25,1.30,0.03,456001,591211,145
2026-05-29,TWSE,912000,晨訊科-DR,2.45,2.45,2.39,2.40,0.00,218011,524617,76
2026-05-29,TWSE,9136,巨騰-DR,11.20,11.25,11.05,11.10,-0.05,728201,8093671,139
2026-05-29,TWSE,9802,鈺齊-KY,73.70,74.60,73.40,73.60,0.10,3878184,285558306,659
2026-05-29,TWSE,9902,台火,13.90,13.90,13.65,13.75,0.05,195453,2693868,151
2026-05-29,TWSE,9904,寶成,25.25,25.55,25.20,25.45,0.25,12333549,313250078,4829
2026-05-29,TWSE,9905,大華,20.65,20.80,20.60,20.75,0.10,79904,1655266,79
2026-05-29,TWSE,9906,欣巴巴,34.10,34.90,33.45,34.35,0.25,170306,5798472,277
2026-05-29,TWSE,9907,統一實,15.95,16.00,15.85,15.95,0.15,3229168,51481215,1414
2026-05-29,TWSE,9908,大台北,29.10,29.15,29.05,29.15,0.10,241936,7041056,159
2026-05-29,TWSE,9910,豐泰,69.00,70.20,68.00,70.20,2.20,4100850,283150618,2415
2026-05-29,TWSE,9911,櫻花,82.50,82.50,81.60,82.00,0.50,203873,16684279,505
2026-05-29,TWSE,9912,偉聯,12.65,12.75,12.20,12.45,-0.05,72624,908551,91
2026-05-29,TWSE,9914,美利達,66.30,68.80,66.00,66.70,0.70,2757878,185641693,1795
2026-05-29,TWSE,9917,中保科,113.50,114.00,113.00,114.00,1.00,406319,46161728,496
2026-05-29,TWSE,9918,欣天然,43.25,43.70,43.00,43.15,-1.20,98589,4263491,132
2026-05-29,TWSE,9919,康那香,14.10,14.15,14.05,14.10,0.00,486740,6857038,300
2026-05-29,TWSE,9921,巨大,67.80,69.70,67.50,69.30,1.50,1867357,128855072,1821
2026-05-29,TWSE,9924,福興,42.25,42.60,42.20,42.50,0.30,170205,7227384,206
2026-05-29,TWSE,9925,新保,40.20,40.50,40.10,40.50,0.40,541029,21830648,244
2026-05-29,TWSE,9926,新海,49.50,49.95,49.00,49.50,0.50,47200,2331949,61
2026-05-29,TWSE,9927,泰銘,67.80,68.20,67.60,68.00,0.30,131489,8925515,162
2026-05-29,TWSE,9928,中視,18.00,18.00,17.90,17.90,0.00,28406,509374,71
2026-05-29,TWSE,9929,秋雨,11.35,11.35,11.30,11.30,-0.10,49151,557479,21
2026-05-29,TWSE,9930,中聯資源,68.10,68.80,68.10,68.80,0.70,89511,6132529,101
2026-05-29,TWSE,9931,欣高,33.70,34.10,33.70,34.00,0.10,26541,901129,80
2026-05-29,TWSE,9933,中鼎,39.20,39.65,39.00,39.65,0.75,4170545,164359565,2359
2026-05-29,TWSE,9934,成霖,9.55,9.76,9.55,9.71,0.17,606083,5869255,294
2026-05-29,TWSE,9935,慶豐富,18.95,19.20,18.85,18.95,0.35,435067,8265770,271
2026-05-29,TWSE,9937,全國,55.20,55.50,55.20,55.50,0.30,64392,3566813,47
2026-05-29,TWSE,9938,百和,42.25,43.05,42.25,42.95,0.85,7674677,329356445,1250
2026-05-29,TWSE,9939,宏全,123.00,124.00,122.00,123.50,0.50,1240640,152149288,1071
2026-05-29,TWSE,9940,信義,18.50,18.75,18.50,18.65,0.10,518430,9647231,317
2026-05-29,TWSE,9941,裕融,73.30,73.70,72.70,73.10,0.30,1541071,112716200,1579
2026-05-29,TWSE,9941A,裕融甲特,50.30,50.30,50.30,50.30,0.00,1000,50300,1
2026-05-29,TWSE,9942,茂順,120.50,120.50,118.00,119.50,0.00,109640,13041701,153
2026-05-29,TWSE,9943,好樂迪,55.90,56.10,55.60,55.80,0.30,71551,3991120,91
2026-05-29,TWSE,9944,新麗,16.95,17.10,16.90,17.10,0.05,168567,2859371,86
2026-05-29,TWSE,9945,潤泰新,23.45,23.70,23.30,23.30,0.05,8322563,195169912,2815
2026-05-29,TWSE,9946,三發地產,16.30,16.45,16.25,16.45,0.10,303429,4967020,209
2026-05-29,TWSE,9955,佳龍,28.20,28.35,27.85,27.95,-0.10,398630,11164100,434
2026-05-29,TWSE,9958,世紀鋼,103.50,104.50,102.00,103.50,0.50,2199506,227064545,1614
2026-05-29,TPEx,006201,元大富櫃50,49.14,50.65,49.14,50.30,+1.90,287320,14430811,365
2026-05-29,TPEx,00679B,元大美債20年,26.46,26.49,26.42,26.46,+0.27,52272257,1382738988,5972
2026-05-29,TPEx,00687B,國泰20年美債,27.79,27.85,27.78,27.81,+0.29,27486482,764413672,4558
2026-05-29,TPEx,00687C,國泰20年美債+櫃U,9.36,9.36,9.36,9.36,+0.12,25000,234000,2
2026-05-29,TPEx,00694B,富邦美債1-3,41.38,41.40,41.32,41.39,+0.02,439415,18172556,64
2026-05-29,TPEx,00695B,富邦美債7-10,34.85,34.99,34.85,34.97,+0.19,232801,8141571,44
2026-05-29,TPEx,00696B,富邦美債20年,28.82,28.92,28.80,28.89,+0.35,3067441,88590960,210
2026-05-29,TPEx,00697B,元大美債7-10,35.36,35.50,35.36,35.48,+0.16,407845,14458999,173
2026-05-29,TPEx,00719B,元大美債1-3,30.76,30.79,30.71,30.77,+0.02,2840278,87325828,686
2026-05-29,TPEx,00720B,元大投資級公司債,32.95,33.11,32.95,33.06,+0.25,9097636,300748175,1756
2026-05-29,TPEx,00722B,群益投資級電信債,36.08,36.15,36.06,36.10,+0.33,5051240,182454171,485
2026-05-29,TPEx,00723B,群益投資級科技債,30.88,30.94,30.87,30.93,+0.35,115532,3573309,15
2026-05-29,TPEx,00724B,群益投資級金融債,33.67,33.72,33.65,33.68,+0.22,6003202,202327748,218
2026-05-29,TPEx,00725B,國泰投資級公司債,35.03,35.19,35.03,35.15,+0.29,9886453,347479136,1578
2026-05-29,TPEx,00726B,國泰新興投等債,32.65,32.74,32.60,32.70,+0.15,205533,6720179,57
2026-05-29,TPEx,00727B,國泰優選非投等債,39.18,39.24,39.17,39.24,+0.06,220929,8667045,13
2026-05-29,TPEx,00734B,台新JPM新興債,15.66,15.70,15.66,15.70,+0.09,650019,10187486,46
2026-05-29,TPEx,00740B,富邦全球投等債,38.38,38.68,38.38,38.68,+0.36,3517270,135886770,298
2026-05-29,TPEx,00741B,富邦全球非投等債,37.02,37.03,37.02,37.02,0.00,103146,3818986,12
2026-05-29,TPEx,00746B,富邦A級公司債,35.40,35.52,35.40,35.49,+0.27,675429,23960062,24
2026-05-29,TPEx,00749B,凱基新興債10+,31.32,31.54,31.32,31.53,+0.21,111000,3499720,4
2026-05-29,TPEx,00750B,凱基科技債10+,33.21,33.21,33.21,33.21,+0.36,100000,3321000,2
2026-05-29,TPEx,00751B,元大AAA至A公司債,31.73,31.85,31.73,31.81,+0.25,11064950,351923255,1535
2026-05-29,TPEx,00754B,群益AAA-AA公司債,33.41,33.50,33.41,33.47,+0.25,107580,3601970,12
2026-05-29,TPEx,00755B,群益投資級公用債,32.65,32.72,32.60,32.69,+0.31,137671,4499854,120
2026-05-29,TPEx,00756B,群益投等新興公債,31.10,31.16,31.07,31.14,+0.24,220384,6859008,126
2026-05-29,TPEx,00758B,復華能源債,51.40,51.40,51.40,51.40,+0.35,100001,5140050,3
2026-05-29,TPEx,00759B,復華製藥債,54.30,54.30,54.30,54.30,+0.40,100130,5437142,5
2026-05-29,TPEx,00760B,復華新興企業債,53.20,53.35,53.20,53.30,+0.40,146434,7803852,25
2026-05-29,TPEx,00761B,國泰A級公司債,34.43,34.47,34.37,34.41,+0.31,1059541,36456817,150
2026-05-29,TPEx,00764B,群益25年美債,27.72,27.80,27.72,27.77,+0.32,11226896,311999553,350
2026-05-29,TPEx,00768B,復華20年美債,49.61,49.78,49.61,49.74,+0.60,355609,17676564,127
2026-05-29,TPEx,00772B,中信高評級公司債,33.50,33.70,33.50,33.69,+0.30,5652674,190299289,967
2026-05-29,TPEx,00773B,中信優先金融債,35.67,35.85,35.67,35.81,+0.26,1484706,53162973,232
2026-05-29,TPEx,00777B,凱基AAA至A公司債,32.66,32.68,32.66,32.68,+0.34,104019,3399258,8
2026-05-29,TPEx,00778B,凱基金融債20+,34.54,34.54,34.50,34.50,+0.33,101029,3489544,4
2026-05-29,TPEx,00779B,凱基美債25+,28.08,28.21,28.08,28.21,+0.41,472000,13300890,25
2026-05-29,TPEx,00780B,國泰A級金融債,36.81,36.97,36.81,36.96,+0.15,164000,6059260,19
2026-05-29,TPEx,00781B,國泰A級科技債,28.40,28.82,28.40,28.78,+0.29,249241,7178061,31
2026-05-29,TPEx,00782B,國泰A級公用債,30.40,30.49,30.37,30.46,+0.33,334212,10179774,24
2026-05-29,TPEx,00785B,富邦金融投等債,34.90,34.97,34.90,34.97,+0.29,55147,1928130,8
2026-05-29,TPEx,00786B,元大10年IG銀行債,32.47,32.59,32.46,32.59,+0.29,59407,1932273,25
2026-05-29,TPEx,00787B,元大10年IG醫療債,32.63,32.70,32.61,32.70,+0.29,24598,803124,16
2026-05-29,TPEx,00788B,元大10年IG電能債,29.93,30.01,29.91,30.00,+0.35,130388,3908429,39
2026-05-29,TPEx,00789B,復華公司債A3,48.44,48.52,48.43,48.43,+0.48,165000,8001000,19
2026-05-29,TPEx,00791B,復華信用債1-5,56.20,56.30,56.20,56.30,+0.05,103817,5844575,17
2026-05-29,TPEx,00792B,群益A級公司債,31.89,31.98,31.89,31.97,+0.36,228056,7285091,22
2026-05-29,TPEx,00793B,群益AAA-A醫療債,30.90,30.94,30.88,30.94,+0.34,1854240,57290503,186
2026-05-29,TPEx,00795B,中信美國公債20年,26.64,26.70,26.62,26.66,+0.29,7566398,201707410,1177
2026-05-29,TPEx,00799B,國泰A級醫療債,29.40,29.56,29.40,29.55,+0.30,360494,10641125,62
2026-05-29,TPEx,00834B,第一金金融債10+,34.18,34.18,34.18,34.18,+0.38,100000,3418000,2
2026-05-29,TPEx,00836B,永豐10年A公司債,28.98,29.00,28.97,29.00,+0.27,13156,381301,8
2026-05-29,TPEx,00840B,凱基IG精選15+,30.13,30.13,30.13,30.13,+0.35,100000,3013000,2
2026-05-29,TPEx,00841B,凱基AAA-AA公司債,29.01,29.01,29.01,29.01,+0.31,100000,2901000,2
2026-05-29,TPEx,00842B,台新美元銀行債,30.34,30.40,30.32,30.37,+0.19,284642,8645567,51
2026-05-29,TPEx,00844B,新光15年IG金融債,31.44,31.52,31.44,31.52,+0.13,192000,6049350,7
2026-05-29,TPEx,00845B,富邦新興投等債,33.01,33.01,33.01,33.01,+0.17,102000,3367020,5
2026-05-29,TPEx,00846B,富邦歐洲銀行債,35.33,35.65,35.33,35.65,+0.18,106098,3781638,12
2026-05-29,TPEx,00847B,中信美國市政債,25.30,25.34,25.29,25.33,+0.20,322202,8155496,30
2026-05-29,TPEx,00848B,中信新興亞洲債,34.09,34.19,34.08,34.19,+0.27,310000,10577100,8
2026-05-29,TPEx,00849B,中信EM主權債0-5,37.00,37.03,36.95,37.03,+0.05,130361,4825489,14
2026-05-29,TPEx,00853B,統一美債10年Aa-A,27.84,27.90,27.80,27.87,+0.26,1346017,37505000,113
2026-05-29,TPEx,00856B,永豐1-3年美公債,37.39,37.40,37.32,37.40,+0.04,31526,1177825,23
2026-05-29,TPEx,00857B,永豐20年美公債,23.10,23.18,23.10,23.15,+0.25,5626133,130197010,515
2026-05-29,TPEx,00858,永豐美國500大,35.73,36.06,35.73,36.05,+0.35,832830,29977637,570
2026-05-29,TPEx,00859B,群益0-1年美債,40.92,40.92,40.77,40.81,0.00,3100447,126463731,196
2026-05-29,TPEx,00860B,群益1-5Y投資級債,37.64,37.70,37.64,37.68,+0.06,104462,3937184,17
2026-05-29,TPEx,00862B,中信投資級公司債,31.86,32.01,31.86,31.99,+0.33,395551,12639383,130
2026-05-29,TPEx,00863B,中信全球電信債,32.37,32.37,32.32,32.35,+0.29,272056,8799303,19
2026-05-29,TPEx,00864B,中信美國公債0-1,45.60,45.62,45.54,45.62,+0.02,1687386,76895740,270
2026-05-29,TPEx,00867B,新光A-BBB電信債,31.14,31.19,31.14,31.19,+0.26,130167,4059380,11
2026-05-29,TPEx,00870B,元大15年EM主權債,28.25,28.27,28.25,28.25,+0.23,27097,765884,5
2026-05-29,TPEx,00877,復華中國5G,42.81,43.70,42.20,43.12,+1.08,7592021,325394857,1309
2026-05-29,TPEx,00884B,中信低碳新興債,29.52,29.59,29.52,29.59,+0.34,158163,4678143,13
2026-05-29,TPEx,00886,永豐美國科技,44.38,44.64,44.36,44.64,+1.07,23151,1028602,32
2026-05-29,TPEx,00887,永豐中國科技50大,17.93,17.99,17.44,17.82,+0.22,12190050,215853061,2238
2026-05-29,TPEx,00888,永豐台灣ESG,34.96,35.02,34.60,34.91,+0.78,5885038,204998832,1422
2026-05-29,TPEx,00890B,凱基ESG BBB債15+,32.36,32.36,32.35,32.35,+0.28,330567,10697194,24
2026-05-29,TPEx,00928,中信上櫃ESG 30,38.60,39.85,38.60,39.59,+1.43,886676,35003331,435
2026-05-29,TPEx,00931B,統一美債20年,13.38,13.41,13.37,13.39,+0.14,10485562,140390209,733
2026-05-29,TPEx,00933B,國泰10Y+金融債,15.95,16.00,15.95,15.98,+0.10,12088593,193189925,1829
2026-05-29,TPEx,00937B,群益ESG投等債20+,14.82,14.86,14.81,14.85,+0.13,111725600,1657597744,9510
2026-05-29,TPEx,00942B,台新美A公司債20+,14.27,14.37,14.27,14.35,+0.13,2616175,37530713,248
2026-05-29,TPEx,00948B,中信優息投資級債,9.47,9.50,9.46,9.47,+0.08,16691148,158251562,1154
2026-05-29,TPEx,00950B,凱基A級公司債,14.02,14.11,14.02,14.09,+0.11,6772475,95406135,563
2026-05-29,TPEx,00955,中信日本商社,15.17,15.34,15.15,15.33,+0.23,7526464,114691208,2286
2026-05-29,TPEx,00957B,兆豐US優選投等債,13.41,13.53,13.41,13.50,+0.12,2709166,36553187,276
2026-05-29,TPEx,00958B,永豐ESG銀行債15+,9.24,9.26,9.23,9.26,+0.07,1275824,11808409,115
2026-05-29,TPEx,00959B,大華投等美債15Y+,9.36,9.41,9.36,9.41,+0.09,3054248,28681736,331
2026-05-29,TPEx,00966B,統一ESG投等債15+,13.90,14.02,13.90,14.01,+0.13,2683169,37551409,152
2026-05-29,TPEx,00967B,元大優息美債,9.01,9.07,9.01,9.06,+0.09,948752,8586578,71
2026-05-29,TPEx,00968B,元大優息投等債,9.26,9.29,9.26,9.28,+0.07,6960493,64588079,222
2026-05-29,TPEx,00969B,元大零息超長美債,8.25,8.30,8.25,8.27,+0.15,2006681,16612596,124
2026-05-29,TPEx,00970B,新光BBB投等債20+,9.36,9.40,9.35,9.39,+0.07,2441930,22920005,277
2026-05-29,TPEx,009806,台新標普500,13.17,13.23,13.17,13.22,+0.14,51925,684674,30
2026-05-29,TPEx,009807,台新標普科技精選,16.62,16.72,16.62,16.72,+0.48,166751,2773867,28
2026-05-29,TPEx,00980B,台新特選IG債10+,9.45,9.48,9.44,9.48,+0.10,262242,2479212,32
2026-05-29,TPEx,00980D,主動聯博投等入息,20.29,20.35,20.28,20.34,+0.09,932265,18951474,151
2026-05-29,TPEx,00980T,平衡凱基美國TOP,11.64,11.74,11.64,11.73,+0.15,1110715,13007608,142
2026-05-29,TPEx,009814,富邦標普500,10.96,11.07,10.96,11.06,+0.10,2102043,23205259,565
2026-05-29,TPEx,009815,大華美國MAG7+,11.50,11.55,11.48,11.54,+0.20,6840205,78734290,1431
2026-05-29,TPEx,00981B,第一金優選非投債,9.11,9.13,9.10,9.12,+0.02,8782063,80045938,955
2026-05-29,TPEx,00981D,主動中信非投等債,10.26,10.28,10.26,10.28,+0.02,6577288,67527487,566
2026-05-29,TPEx,00982B,FT投資級債20+,9.83,9.91,9.83,9.91,+0.13,444674,4402928,26
2026-05-29,TPEx,00983B,大華優利美公債20,15.60,15.61,15.57,15.60,+0.18,458427,7149720,79
2026-05-29,TPEx,00984B,大華優利美A債15,16.36,16.43,16.36,16.41,+0.16,2851480,46759470,431
2026-05-29,TPEx,00985D,主動貝萊德優投等,10.15,10.15,10.14,10.15,+0.06,1112603,11291810,66
2026-05-29,TPEx,00986B,FT金融債10+,9.90,9.91,9.90,9.91,+0.06,96798,958920,21
2026-05-29,TPEx,00986D,主動復華金融債息,14.70,14.76,14.70,14.74,+0.03,1326601,19556928,136
2026-05-29,TPEx,00987B,野村10+澳洲公債,16.05,16.06,15.95,16.03,+0.18,5711968,91513157,186
2026-05-29,TPEx,00988B,玉山嚴選非投債,19.68,19.75,19.68,19.75,+0.07,634593,12507710,131
2026-05-29,TPEx,00989B,台新美國非投等債,9.96,9.99,9.96,9.99,0.00,554736,5536613,49
2026-05-29,TPEx,00998A,主動復華金融股息,15.96,15.98,15.93,15.96,+0.02,1507269,24052740,429
2026-05-29,TPEx,020001,富邦存股雙十N,,,,,,0,0,0
2026-05-29,TPEx,020025,統一亞洲半導體N,39.62,40.69,39.62,40.30,+1.40,89000,3588940,21
2026-05-29,TPEx,020027,元大上櫃ESG成長N,11.51,11.59,11.40,11.45,+0.40,73000,842560,16
2026-05-29,TPEx,020033,統一恒生科期N,3.95,3.98,3.95,3.96,+0.11,6000,23830,4
2026-05-29,TPEx,020035,元大上櫃ESG高息N,,,,,,0,0,0
2026-05-29,TPEx,020040,元大上櫃ESG龍頭N,12.12,12.12,12.12,12.12,+0.25,1000,12120,1
2026-05-29,TPEx,020041,兆豐半導體氣候N,20.27,20.27,19.91,20.00,+0.47,37000,740790,7
2026-05-29,TPEx,1240,茂生農經,57.60,57.60,57.30,57.30,0.00,2457,141181,12
2026-05-29,TPEx,1259,安心,57.90,58.40,56.80,58.40,+0.50,9066,522222,23
2026-05-29,TPEx,1264,德麥,271.50,272.00,270.50,270.50,0.00,43326,11756875,194
2026-05-29,TPEx,1268,漢來美食,168.00,168.50,167.50,168.50,+0.50,22839,3837251,95
2026-05-29,TPEx,1294,漢田生技,77.30,77.90,77.20,77.90,+0.60,10952,848767,17
2026-05-29,TPEx,1295,生合,50.30,50.40,49.95,50.00,-0.90,57512,2878327,85
2026-05-29,TPEx,1336,台翰,13.20,13.35,13.15,13.25,+0.15,87532,1162674,91
2026-05-29,TPEx,1565,精華,92.30,94.60,92.30,94.00,+1.70,176422,16572807,253
2026-05-29,TPEx,1569,濱川,51.00,52.00,50.70,51.10,+0.50,436945,22362041,382
2026-05-29,TPEx,1570,力肯,53.40,53.40,50.50,52.10,-0.20,566257,29434516,506
2026-05-29,TPEx,1580,新麥,121.00,122.00,121.00,121.50,0.00,90109,10920521,141
2026-05-29,TPEx,1584,精剛,19.80,20.20,19.70,19.80,0.00,662830,13171104,442
2026-05-29,TPEx,1586,和勤,22.15,22.20,21.60,21.75,-0.40,346210,7554430,222
2026-05-29,TPEx,1591,駿吉-KY,37.90,40.20,37.90,40.20,-1.90,251699,9846463,169
2026-05-29,TPEx,1593,祺驊,30.90,31.60,30.85,31.40,+0.55,31660,990870,29
2026-05-29,TPEx,1595,川寶,88.80,90.80,83.70,85.50,-1.80,2027039,175388505,2002
2026-05-29,TPEx,1599,宏佳騰,23.25,24.50,23.25,23.70,+0.60,94251,2239001,112
2026-05-29,TPEx,1742,台蠟,15.00,15.30,15.00,15.20,+0.05,26606,400985,19
2026-05-29,TPEx,1777,生泰,71.30,72.10,71.10,71.70,+0.20,45430,3256256,31
2026-05-29,TPEx,1781,合世,10.40,10.90,10.40,10.90,+0.50,33246,352827,48
2026-05-29,TPEx,1784,訊聯,64.50,66.70,64.50,66.70,+1.90,287232,18852490,472
2026-05-29,TPEx,1785,光洋科,156.50,160.50,151.50,158.50,+12.50,62303261,9812187067,40844
2026-05-29,TPEx,1788,杏昌,134.00,134.50,133.50,134.50,+0.50,41321,5538837,108
2026-05-29,TPEx,1796,金穎生技,35.90,36.05,35.90,35.90,0.00,21121,760080,17
2026-05-29,TPEx,1799,易威,33.20,33.65,33.10,33.25,+0.05,131421,4388578,122
2026-05-29,TPEx,1813,寶利徠,11.90,12.15,11.50,12.10,+0.15,296986,3520496,869
2026-05-29,TPEx,1815,富喬,107.50,109.00,104.50,106.00,+2.50,20566522,2185870118,15878
2026-05-29,TPEx,2035,唐榮,27.65,28.00,27.65,28.00,-0.25,5126,142039,10
2026-05-29,TPEx,2061,風青,34.40,36.30,33.30,36.30,+3.30,1839152,64938923,1168
2026-05-29,TPEx,2063,世鎧,24.90,25.55,24.80,25.20,+0.30,49304,1231029,37
2026-05-29,TPEx,2064,晉椿,13.75,14.05,13.75,13.80,+0.05,12130,167855,18
2026-05-29,TPEx,2065,世豐,35.55,36.50,35.55,36.20,+0.70,97343,3489384,121
2026-05-29,TPEx,2066,世德,59.30,59.60,57.10,58.30,+0.50,191568,11259764,183
2026-05-29,TPEx,2067,嘉鋼,6.60,6.60,6.55,6.56,-0.04,35573,233307,19
2026-05-29,TPEx,2070,精湛,76.60,81.50,75.00,77.60,+1.70,2959495,232273697,2591
2026-05-29,TPEx,2073,雄順,26.00,26.00,26.00,26.00,+0.05,1090,28304,9
2026-05-29,TPEx,2221,大甲,42.00,43.15,41.95,42.50,+1.20,427152,18206034,340
2026-05-29,TPEx,2230,泰茂,28.15,28.60,28.15,28.25,0.00,198382,5619949,198
2026-05-29,TPEx,2235,謚源,32.00,32.60,31.80,32.30,+0.35,12123,388586,11
2026-05-29,TPEx,2596,綠意,27.25,27.35,26.55,27.25,+0.05,118840,3188209,84
2026-05-29,TPEx,2640,大車隊,162.00,162.00,160.50,160.50,-0.50,26513,4264596,259
2026-05-29,TPEx,2641,正德,17.75,17.85,17.50,17.70,+0.15,1828921,32243783,828
2026-05-29,TPEx,2643,捷迅,66.10,66.40,65.50,66.40,+0.40,19393,1279928,32
2026-05-29,TPEx,2718,全心投控,45.60,46.75,45.40,46.45,+1.05,92400,4268789,72
2026-05-29,TPEx,2719,燦星旅,24.90,25.60,24.90,25.40,+0.25,21728,550048,34
2026-05-29,TPEx,2724,藝舍-KY,13.10,13.10,13.10,13.10,-0.70,1001,13114,2
2026-05-29,TPEx,2726,雅茗-KY,9.75,10.40,9.72,10.40,+0.57,49556,490656,40
2026-05-29,TPEx,2729,瓦城,159.00,160.00,159.00,159.00,0.00,36042,5742495,132
2026-05-29,TPEx,2732,六角,64.90,65.40,63.50,64.20,+1.20,82585,5316899,176
2026-05-29,TPEx,2734,易飛網,14.85,14.95,14.80,14.90,0.00,117665,1746956,132
2026-05-29,TPEx,2736,富野,12.00,12.05,11.95,12.00,-0.05,84118,1009502,67
2026-05-29,TPEx,2740,華軒,35.45,35.85,34.95,34.95,-0.55,3637,126914,10
2026-05-29,TPEx,2743,山富,67.60,68.00,67.00,67.90,+0.10,131306,8848341,408
2026-05-29,TPEx,2745,五福,102.00,103.00,101.50,102.50,+1.00,130597,13385199,142
2026-05-29,TPEx,2751,王座,52.00,53.90,51.80,52.80,+1.00,22126,1163207,22
2026-05-29,TPEx,2752,豆府,172.50,173.00,172.00,172.50,0.00,10597,1828291,34
2026-05-29,TPEx,2754,亞洲藏壽司,68.10,68.30,67.60,67.70,-0.10,45215,3075073,177
2026-05-29,TPEx,2755,揚秦,132.00,135.50,132.00,135.00,+3.50,44087,5936116,130
2026-05-29,TPEx,2756,聯發國際,61.00,61.00,59.60,60.10,+0.10,16030,962917,17
2026-05-29,TPEx,2916,滿心,43.65,43.70,43.30,43.50,-0.15,210650,9158322,186
2026-05-29,TPEx,2924,宏太-KY,15.75,15.75,15.70,15.70,+0.15,3056,48043,7
2026-05-29,TPEx,2926,誠品生活,35.85,35.90,34.75,34.95,-0.05,36489,1276997,38
2026-05-29,TPEx,2937,集雅社,48.55,48.95,48.30,48.65,+0.10,8191,397256,10
2026-05-29,TPEx,2941,米斯特,32.00,32.00,32.00,32.00,+1.05,1088,34816,3
2026-05-29,TPEx,2947,振宇五金,77.70,77.70,77.40,77.40,-0.30,43384,3367468,41
2026-05-29,TPEx,2948,寶陞,38.00,38.00,38.00,38.00,0.00,3101,117788,5
2026-05-29,TPEx,2949,欣新網,63.00,63.50,63.00,63.50,+0.50,8301,526270,13
2026-05-29,TPEx,3064,泰偉,19.15,19.20,19.15,19.20,+0.20,2631,50727,8
2026-05-29,TPEx,3066,李洲,21.55,22.40,21.15,21.45,+0.40,1005119,21883576,680
2026-05-29,TPEx,3067,全域,18.80,19.50,18.80,19.50,+0.70,13001,250520,11
2026-05-29,TPEx,3071,協禧,32.50,32.50,31.55,32.20,+0.55,697212,22278358,573
2026-05-29,TPEx,3073,天方能源,20.50,20.50,20.20,20.25,-0.05,92363,1874242,82
2026-05-29,TPEx,3078,僑威,56.30,58.40,56.30,57.60,+1.50,1511402,87186892,1127
2026-05-29,TPEx,3081,聯亞,2680.00,2715.00,2590.00,2615.00,-35.00,2143717,5657532205,11736
2026-05-29,TPEx,3083,網龍,26.90,28.00,26.90,27.75,+0.55,245334,6760741,147
2026-05-29,TPEx,3085,新零售,12.85,12.85,12.00,12.45,0.00,29330,363715,26
2026-05-29,TPEx,3086,華義*,31.70,32.00,30.55,30.75,+0.30,405340,12621731,355
2026-05-29,TPEx,3088,艾訊,142.50,142.50,138.00,141.00,+1.00,1362155,190479502,1502
2026-05-29,TPEx,3093,港建*,52.70,53.80,51.80,52.40,+0.10,788808,41301770,719
2026-05-29,TPEx,3095,及成,45.90,45.90,42.90,43.20,-1.25,56043,2440202,703
2026-05-29,TPEx,3105,穩懋,542.00,544.00,516.00,527.00,-1.00,26012181,13779999089,31154
2026-05-29,TPEx,3114,好德,28.50,31.25,28.50,31.25,+2.80,1463670,45484651,666
2026-05-29,TPEx,3115,富榮綱,7.75,8.29,7.75,8.29,+0.29,30497,245841,56
2026-05-29,TPEx,3118,進階,33.30,33.70,33.25,33.65,+0.35,21882,732903,69
2026-05-29,TPEx,3122,笙泉,32.90,33.00,32.00,32.75,+0.25,341189,11172828,265
2026-05-29,TPEx,3128,昇銳,22.80,23.20,22.80,22.95,+0.15,335195,7704332,181
2026-05-29,TPEx,3131,弘塑,3820.00,3865.00,3450.00,3450.00,-185.00,1283639,4726401360,7936
2026-05-29,TPEx,3141,晶宏,82.00,82.80,79.70,80.70,-1.30,5018143,405959215,4070
2026-05-29,TPEx,3147,大綜,181.50,182.50,179.00,182.50,+4.50,207540,37668211,284
2026-05-29,TPEx,3152,璟德,204.50,204.50,195.50,200.00,+3.00,1205384,240306996,1416
2026-05-29,TPEx,3158,嘉實,85.30,85.50,85.20,85.50,0.00,26919,2296891,33
2026-05-29,TPEx,3162,精確,83.00,84.70,81.00,84.70,+2.40,2618898,216049334,2273
2026-05-29,TPEx,3163,波若威,1050.00,1080.00,1015.00,1030.00,-20.00,3335102,3455997600,10172
2026-05-29,TPEx,3169,亞信,123.00,123.00,118.50,119.00,-2.50,805307,96499741,1230
2026-05-29,TPEx,3171,炎洲流通,70.30,70.70,69.50,70.10,+1.30,14582,1017838,66
2026-05-29,TPEx,3176,基亞,33.40,33.60,32.70,32.70,-0.40,720074,23829124,463
2026-05-29,TPEx,3178,公準,72.20,72.20,70.70,71.20,+0.20,151679,10841683,338
2026-05-29,TPEx,3188,鑫龍騰,22.80,23.00,22.35,22.45,-0.35,454727,10253089,382
2026-05-29,TPEx,3191,雲嘉南,26.45,26.45,26.45,26.45,+2.40,702183,18572709,421
2026-05-29,TPEx,3205,佰研,54.20,54.50,53.70,54.00,-0.20,104653,5652757,120
2026-05-29,TPEx,3206,志豐,41.30,42.75,40.80,42.00,+1.90,1897029,79190929,1566
2026-05-29,TPEx,3207,耀勝,65.00,66.70,64.90,65.10,+0.10,606007,39741136,478
2026-05-29,TPEx,3211,順達,451.50,455.00,429.00,436.00,-6.50,10857730,4755678466,15819
2026-05-29,TPEx,3213,茂訊,120.50,123.50,120.00,122.00,+2.50,653569,79766430,599
2026-05-29,TPEx,3217,優群,190.00,193.00,188.00,190.50,+2.00,995407,189258672,1544
2026-05-29,TPEx,3218,大學光,131.00,138.50,131.00,138.00,+7.50,1040903,141839271,1295
2026-05-29,TPEx,3219,倚強科,84.20,84.30,82.60,82.90,+0.50,378151,31514172,809
2026-05-29,TPEx,3221,台嘉碩,62.30,63.60,59.50,60.00,-0.20,15705376,951959672,10230
2026-05-29,TPEx,3224,三顧,40.00,40.00,39.20,39.25,-0.70,115217,4551023,130
2026-05-29,TPEx,3226,龍鋒,42.75,44.55,42.75,44.55,+2.05,20252,884962,26
2026-05-29,TPEx,3227,原相,230.00,230.50,225.00,227.50,+2.00,1446499,328232857,2091
2026-05-29,TPEx,3228,金麗科,206.00,206.00,200.00,201.00,0.00,567700,114471653,1269
2026-05-29,TPEx,3230,錦明,30.60,31.40,29.85,30.20,-0.20,886665,26936632,550
2026-05-29,TPEx,3232,昱捷,25.15,25.15,23.20,23.60,+0.70,1534361,37673195,647
2026-05-29,TPEx,3234,光環,100.00,108.00,99.60,108.00,+9.40,5114762,548568911,4668
2026-05-29,TPEx,3236,千如,55.10,55.50,53.90,55.00,+1.50,2081536,114174217,1862
2026-05-29,TPEx,3252,海灣,17.65,18.00,17.65,17.85,-0.05,27219,484387,32
2026-05-29,TPEx,3259,鑫創,17.15,17.30,16.75,16.75,-0.05,70353,1193365,57
2026-05-29,TPEx,3260,威剛,413.50,420.00,411.00,415.00,+10.50,12937393,5385585876,14319
2026-05-29,TPEx,3264,欣銓,254.50,259.00,241.00,243.50,+8.00,27444021,6922135307,21443
2026-05-29,TPEx,3265,台星科,196.00,197.50,186.50,190.50,+1.50,2137347,408220902,2047
2026-05-29,TPEx,3268,海德威,17.80,18.05,17.25,18.00,+0.60,212563,3745446,190
2026-05-29,TPEx,3272,東碩,16.50,17.90,16.50,17.90,+1.60,384223,6795788,169
2026-05-29,TPEx,3276,宇環,14.15,14.25,13.80,14.05,+0.05,162327,2273088,127
2026-05-29,TPEx,3284,太普高,15.95,16.15,15.80,16.00,+0.10,170186,2705169,104
2026-05-29,TPEx,3285,微端,31.25,31.50,31.15,31.50,+0.25,69825,2184219,64
2026-05-29,TPEx,3287,廣寰科,38.10,39.40,37.25,38.00,-0.10,1182472,44694944,1137
2026-05-29,TPEx,3288,點晶,16.60,16.60,16.55,16.60,+1.50,160667,2666861,135
2026-05-29,TPEx,3289,宜特,168.50,171.00,165.00,168.00,+2.50,1694852,284101368,1693
2026-05-29,TPEx,3290,東浦,48.35,48.85,47.60,48.50,+0.55,776811,37565928,500
2026-05-29,TPEx,3293,鈊象,758.00,763.00,752.00,754.00,+5.00,2506121,1894065785,5042
2026-05-29,TPEx,3294,英濟,40.35,40.65,39.35,40.20,+0.85,1486413,59331929,1071
2026-05-29,TPEx,3297,杭特,29.70,29.70,29.30,29.40,-0.30,142684,4200246,427
2026-05-29,TPEx,3303,岱稜,49.25,49.50,48.85,49.35,+0.35,211567,10425593,179
2026-05-29,TPEx,3306,鼎天,47.30,48.50,46.65,47.40,+0.80,466094,22316111,429
2026-05-29,TPEx,3310,佳穎,72.70,74.50,72.30,72.30,-0.30,1003091,73741780,89
2026-05-29,TPEx,3313,斐成,11.15,11.20,11.00,11.10,+0.10,199458,2209397,181
2026-05-29,TPEx,3317,尼克森,85.90,86.80,83.10,83.80,+1.00,4837089,406909645,4189
2026-05-29,TPEx,3322,建舜電,13.05,13.15,12.95,13.10,+0.20,566462,7402959,321
2026-05-29,TPEx,3323,加百裕,37.60,38.25,37.05,37.90,+0.90,2623621,98904783,1867
2026-05-29,TPEx,3324,雙鴻,1035.00,1080.00,1020.00,1065.00,+60.00,2917123,3058096925,8466
2026-05-29,TPEx,3325,旭品,11.80,11.95,11.70,11.80,+0.05,198169,2339170,204
2026-05-29,TPEx,3332,幸康,68.70,68.70,66.10,66.80,+1.70,19212,1285633,35
2026-05-29,TPEx,3339,泰谷,46.30,47.10,44.50,44.65,-1.15,2322195,104429339,1836
2026-05-29,TPEx,3349,寶德,17.65,18.00,17.50,17.80,-0.10,219505,3867912,117
2026-05-29,TPEx,3354,律勝,31.85,33.15,31.35,31.70,+0.35,936089,30063559,794
2026-05-29,TPEx,3357,臺慶科,300.00,308.00,280.00,287.00,+4.00,7761308,2250893327,7760
2026-05-29,TPEx,3360,尚立,14.25,14.40,14.10,14.25,+0.15,244531,3483563,165
2026-05-29,TPEx,3362,先進光,113.00,113.00,110.00,110.00,-0.50,638140,70867935,728
2026-05-29,TPEx,3363,上詮,827.00,827.00,787.00,797.00,-18.00,3268056,2620380774,9361
2026-05-29,TPEx,3372,典範,21.70,22.10,21.50,21.75,+0.25,1337916,29155939,670
2026-05-29,TPEx,3373,熱映,16.65,16.90,16.65,16.90,+0.25,127187,2133268,128
2026-05-29,TPEx,3374,精材,264.00,269.00,257.50,259.00,+4.00,18282410,4780084528,18167
2026-05-29,TPEx,3379,彬台,39.80,41.50,39.75,40.80,+1.35,321883,13090668,608
2026-05-29,TPEx,3388,崇越電,113.00,116.00,107.00,110.00,-1.00,8079387,898293510,6649
2026-05-29,TPEx,3390,旭軟,28.80,28.80,28.00,28.10,-0.40,1115909,31495698,941
2026-05-29,TPEx,3402,漢科,146.00,149.00,146.00,147.00,+1.00,1116567,164484607,1291
2026-05-29,TPEx,3426,台興,47.75,48.00,47.75,47.75,0.00,5776,276261,13
2026-05-29,TPEx,3430,奇鈦科,175.50,177.00,167.50,169.00,-2.00,1622890,277168301,2535
2026-05-29,TPEx,3434,哲固,29.50,29.55,29.15,29.45,+0.10,44506,1308124,161
2026-05-29,TPEx,3438,類比科,72.90,73.00,71.10,71.50,-0.60,481905,34652106,535
2026-05-29,TPEx,3441,聯一光,50.90,54.40,49.15,53.90,+3.70,3119617,162981638,2705
2026-05-29,TPEx,3444,利機,114.00,117.50,104.00,105.00,-10.50,3471737,373521879,2655
2026-05-29,TPEx,3455,由田,249.50,251.50,241.50,241.50,0.00,1666165,408574900,2626
2026-05-29,TPEx,3465,進泰電子,27.95,30.55,27.60,28.60,+0.80,181118,5340207,163
2026-05-29,TPEx,3466,德晉,33.80,33.80,32.60,32.95,+0.20,649379,21364085,312
2026-05-29,TPEx,3467,台灣精材,75.50,76.80,74.00,74.70,+0.60,312013,23355867,304
2026-05-29,TPEx,3479,安勤,138.50,139.00,133.00,135.00,-2.50,3639939,492335809,3669
2026-05-29,TPEx,3483,力致,96.00,96.90,94.60,95.00,+1.20,629282,60045290,1052
2026-05-29,TPEx,3484,崧騰,43.20,43.90,42.95,43.70,+0.60,313301,13608574,225
2026-05-29,TPEx,3485,敘豐,360.00,360.00,327.00,334.00,-6.00,877577,298665934,1768
2026-05-29,TPEx,3489,森寶,21.50,21.80,21.50,21.80,+0.15,85198,1836562,70
2026-05-29,TPEx,3490,單井,39.20,39.20,38.00,38.45,0.00,1813533,69839085,1209
2026-05-29,TPEx,3491,昇達科,2120.00,2200.00,2120.00,2200.00,+200.00,1371864,3001698735,6601
2026-05-29,TPEx,3492,長盛,24.30,24.30,23.55,23.80,+0.20,348906,8338320,320
2026-05-29,TPEx,3498,陽程,149.50,152.50,148.00,151.00,+6.00,658113,99225441,850
2026-05-29,TPEx,3499,環天科,14.75,14.75,14.40,14.70,0.00,87937,1282091,104
2026-05-29,TPEx,3508,位速,20.30,20.55,19.90,20.35,+0.15,247952,4994187,194
2026-05-29,TPEx,3511,矽瑪,20.30,20.90,20.15,20.80,+0.70,418296,8560496,220
2026-05-29,TPEx,3512,皇龍,20.55,20.60,20.45,20.55,0.00,56909,1167868,46
2026-05-29,TPEx,3516,亞帝歐,23.10,23.95,23.00,23.20,0.00,63801,1490848,62
2026-05-29,TPEx,3520,華盈,14.60,14.75,14.45,14.65,+0.15,120827,1759809,110
2026-05-29,TPEx,3521,台鋼建設,12.20,12.20,12.10,12.10,-0.10,85454,1038976,75
2026-05-29,TPEx,3522,御嵿,11.75,12.00,11.60,11.75,0.00,219672,2591061,136
2026-05-29,TPEx,3523,迎輝,15.95,15.95,15.95,15.95,+1.45,742797,11847602,107
2026-05-29,TPEx,3526,凡甲,370.00,373.00,365.50,369.00,-1.00,656035,242312496,1001
2026-05-29,TPEx,3527,聚積,58.70,58.70,57.00,57.20,-1.10,309206,17728092,221
2026-05-29,TPEx,3529,力旺,3540.00,3545.00,3385.00,3410.00,-60.00,1221616,4202537685,3997
2026-05-29,TPEx,3531,先益,23.25,23.25,23.25,23.25,0.00,2000,46500,2
2026-05-29,TPEx,3537,堡達,77.50,77.80,71.10,77.00,+3.10,14036446,1047903226,9589
2026-05-29,TPEx,3540,曜越,27.20,27.20,26.30,26.45,-0.05,267684,7096094,356
2026-05-29,TPEx,3541,西柏,22.40,22.50,22.20,22.30,-0.10,107772,2406268,79
2026-05-29,TPEx,3546,宇峻,81.80,82.20,80.40,82.00,+1.20,475363,38767311,469
2026-05-29,TPEx,3548,兆利,97.40,97.40,94.70,94.90,-0.40,443264,42291409,487
2026-05-29,TPEx,3551,世禾,228.50,234.50,220.50,225.00,+7.50,5545472,1257669348,6684
2026-05-29,TPEx,3552,同致,57.60,57.60,54.90,55.50,-0.50,670883,37394391,752
2026-05-29,TPEx,3555,博士旺,217.00,217.00,210.50,213.50,+1.50,181438,38755903,339
2026-05-29,TPEx,3556,禾瑞亞,63.20,67.20,63.00,67.20,+6.10,1964066,130190749,1285
2026-05-29,TPEx,3558,神準,149.50,154.50,141.50,144.00,+2.50,1955850,287286378,2143
2026-05-29,TPEx,3564,其陽,48.60,49.15,47.20,47.70,-0.45,389733,18697812,325
2026-05-29,TPEx,3567,逸昌,29.50,29.80,29.00,29.30,+0.05,159680,4678912,160
2026-05-29,TPEx,3570,大塚,176.00,176.00,172.50,173.50,+1.00,47357,8224167,70
2026-05-29,TPEx,3577,泓格,162.00,173.50,156.00,157.50,-3.50,1854557,296883954,2358
2026-05-29,TPEx,3580,友威科,104.00,106.00,101.50,104.00,+3.00,1741906,180716962,1695
2026-05-29,TPEx,3581,博磊,258.00,258.00,233.50,236.50,-3.50,1300255,311264278,1975
2026-05-29,TPEx,3587,閎康,335.00,335.00,328.00,329.00,-0.50,985211,326077256,1838
2026-05-29,TPEx,3594,磐儀,51.10,51.60,50.10,50.30,-0.50,437948,22153076,392
2026-05-29,TPEx,3597,映興,28.00,28.80,27.85,28.05,+0.05,78840,2217765,83
2026-05-29,TPEx,3609,三一東林,28.00,28.80,28.00,28.05,-0.15,124781,3516487,110
2026-05-29,TPEx,3611,鼎翰,189.50,191.50,189.50,190.00,+1.00,56352,10719039,138
2026-05-29,TPEx,3615,安可,49.60,50.10,47.30,49.15,+0.45,7197086,349349131,4958
2026-05-29,TPEx,3623,富晶通,23.50,23.50,22.70,23.00,+0.05,78030,1788563,107
2026-05-29,TPEx,3624,光頡,107.00,110.00,99.70,110.00,+10.00,5301662,564625292,4572
2026-05-29,TPEx,3625,西勝,14.35,14.50,13.95,14.50,+0.20,1001834,14221121,347
2026-05-29,TPEx,3628,盈正,67.10,67.50,66.00,67.30,+0.50,114638,7640187,248
2026-05-29,TPEx,3629,地心引力,16.45,16.45,16.45,16.45,+0.45,1174,19155,5
2026-05-29,TPEx,3630,新鉅科,25.90,26.15,25.85,26.15,+0.50,508523,13226558,437
2026-05-29,TPEx,3631,晟楠,36.80,36.80,36.05,36.45,0.00,77149,2808342,78
2026-05-29,TPEx,3632,研勤,9.30,9.30,8.50,8.51,-0.79,70876,606461,166
2026-05-29,TPEx,3646,艾恩特,23.80,23.95,23.50,23.80,-0.15,40026,953470,32
2026-05-29,TPEx,3663,鑫科,87.00,90.50,85.00,88.00,+2.30,4785238,420824734,4654
2026-05-29,TPEx,3664,安瑞-KY,7.67,7.67,7.60,7.60,-0.07,25086,192098,23
2026-05-29,TPEx,3666,光耀,28.00,28.15,27.45,28.15,-0.05,107073,2965009,114
2026-05-29,TPEx,3672,康聯訊,10.70,11.00,10.65,11.00,+0.40,56751,616926,56
2026-05-29,TPEx,3675,德微,399.50,413.00,391.50,413.00,+29.00,1103733,445574975,1656
2026-05-29,TPEx,3680,家登,548.00,556.00,533.00,540.00,+5.00,1781715,969608151,3045
2026-05-29,TPEx,3684,榮昌,59.00,60.30,59.00,59.30,+1.00,78012,4657252,123
2026-05-29,TPEx,3685,元創精密,28.80,28.80,27.40,27.95,-0.50,357551,9940100,244
2026-05-29,TPEx,3687,歐買尬,72.10,74.70,71.10,73.90,+2.40,733980,53509996,1087
2026-05-29,TPEx,3689,湧德,136.50,138.50,133.50,138.00,+6.00,5113271,694875142,4177
2026-05-29,TPEx,3691,碩禾,155.00,163.00,149.00,162.00,+11.00,3639903,567653145,3408
2026-05-29,TPEx,3693,營邦,570.00,587.00,564.00,581.00,+21.00,972912,563273599,2013
2026-05-29,TPEx,3707,漢磊,91.40,93.10,87.20,89.30,+2.20,27258609,2432737363,17536
2026-05-29,TPEx,3709,鑫聯大投控,88.40,89.50,87.40,88.80,+1.50,1687348,149453337,1478
2026-05-29,TPEx,3710,連展投控,6.16,6.23,6.13,6.18,-0.05,460785,2849034,179
2026-05-29,TPEx,3713,新晶投控,17.00,17.00,15.30,15.75,+0.05,327169,5259393,222
2026-05-29,TPEx,4102,永日,16.90,16.90,16.75,16.90,-0.10,53356,897227,67
2026-05-29,TPEx,4105,東洋,73.10,73.90,73.10,73.40,+0.40,635017,46657030,469
2026-05-29,TPEx,4107,邦特,114.00,114.50,114.00,114.50,+1.00,119094,13601478,109
2026-05-29,TPEx,4109,加捷生醫,11.20,11.30,11.00,11.20,+0.05,310402,3455541,196
2026-05-29,TPEx,4111,濟生,30.00,30.05,29.85,30.00,+0.10,63414,1898454,118
2026-05-29,TPEx,4113,聯上,14.30,14.30,13.90,14.30,+0.05,457266,6464092,232
2026-05-29,TPEx,4114,健喬,30.05,30.15,29.95,30.15,+0.10,1503031,45136773,1042
2026-05-29,TPEx,4116,明基醫,37.05,37.30,37.00,37.25,+0.15,46015,1707303,64
2026-05-29,TPEx,4120,友華,44.40,44.60,44.40,44.60,+0.25,41710,1854803,45
2026-05-29,TPEx,4121,優盛,14.10,14.15,13.75,13.95,-0.20,392411,5473936,260
2026-05-29,TPEx,4123,晟德,38.00,38.30,37.85,38.25,+0.45,2284735,87124127,1168
2026-05-29,TPEx,4126,太醫,79.10,79.30,79.10,79.20,+0.10,25563,2023841,84
2026-05-29,TPEx,4127,天良,65.80,69.00,65.80,69.00,+3.20,441454,29983389,338
2026-05-29,TPEx,4128,中天,14.40,14.60,14.35,14.40,+0.05,1149403,16640407,725
2026-05-29,TPEx,4129,聯合,90.00,90.50,89.70,90.00,0.00,289207,26026780,298
2026-05-29,TPEx,4130,健亞,25.85,26.80,25.70,26.60,+0.75,98925,2596649,151
2026-05-29,TPEx,4131,浩泰,34.40,34.40,33.60,33.60,-0.30,305233,10354323,148
2026-05-29,TPEx,4138,曜亞,50.50,50.90,50.50,50.60,-0.10,21883,1108716,69
2026-05-29,TPEx,4139,馬光-KY,22.90,22.90,22.00,22.80,-0.15,22009,493350,22
2026-05-29,TPEx,4147,中裕,47.35,49.25,47.35,49.25,+2.15,5851027,287521872,906
2026-05-29,TPEx,4153,鈺緯,32.90,32.90,31.60,31.70,+0.10,27761,885658,28
2026-05-29,TPEx,4154,樂威科-KY,13.20,13.20,12.55,13.10,0.00,23329,300142,23
2026-05-29,TPEx,4157,太景*-KY,9.01,9.15,9.00,9.06,+0.05,1218491,11029749,466
2026-05-29,TPEx,4160,訊聯基因,40.00,40.00,39.60,39.90,-0.10,97258,3878777,833
2026-05-29,TPEx,4161,聿新科,23.00,23.10,22.75,22.85,-0.05,76030,1738654,64
2026-05-29,TPEx,4162,智擎,53.50,53.80,53.10,53.60,+0.60,587845,31443489,412
2026-05-29,TPEx,4163,鐿鈦,117.00,117.00,114.50,115.50,-2.50,65467,7578243,250
2026-05-29,TPEx,4166,友霖,23.40,24.40,23.25,24.40,+1.10,370097,8720625,175
2026-05-29,TPEx,4167,松瑞藥,19.45,19.80,19.35,19.70,+0.50,1712571,33579072,902
2026-05-29,TPEx,4168,醣聯,26.80,26.90,25.00,25.50,-2.00,950085,24687467,792
2026-05-29,TPEx,4171,瑞基,17.80,18.45,17.75,17.75,-0.05,249413,4493423,251
2026-05-29,TPEx,4173,久裕,18.00,18.00,17.90,17.95,-0.05,132310,2375123,216
2026-05-29,TPEx,4174,浩鼎,28.35,28.90,28.30,28.60,+0.40,313278,8954308,312
2026-05-29,TPEx,4175,杏一,53.70,53.90,53.70,53.70,0.00,38641,2076584,88
2026-05-29,TPEx,4183,福永生技,13.00,13.15,12.10,13.00,-0.05,22001,281513,15
2026-05-29,TPEx,4188,安克,11.15,11.15,11.00,11.15,-0.10,74951,826606,61
2026-05-29,TPEx,4192,杏國,19.50,20.00,19.50,20.00,+0.50,53326,1042253,49
2026-05-29,TPEx,4198,欣大健康,37.50,39.60,36.95,37.50,+0.50,71079,2683992,46
2026-05-29,TPEx,4205,中華食,72.40,72.50,72.00,72.30,-0.10,85352,6165596,334
2026-05-29,TPEx,4207,環泰,19.25,19.65,19.20,19.50,+0.15,485229,9442393,142
2026-05-29,TPEx,4303,信立,47.20,47.40,46.90,46.95,-0.15,725560,34124045,690
2026-05-29,TPEx,4304,勝昱,27.20,28.70,27.20,28.00,+0.85,7001,195928,7
2026-05-29,TPEx,4305,世坤,44.00,44.00,44.00,44.00,0.00,2009,88403,3
2026-05-29,TPEx,4401,東隆興,13.80,13.80,13.50,13.60,0.00,140543,1906857,75
2026-05-29,TPEx,4402,郡都開發,11.95,12.10,11.70,11.95,+0.25,53771,639964,62
2026-05-29,TPEx,4406,新昕纖,9.93,9.93,9.93,9.93,-0.01,1001,9940,2
2026-05-29,TPEx,4413,飛寶企業,17.25,17.25,17.00,17.00,+0.30,2169,36979,3
2026-05-29,TPEx,4416,三圓,10.95,11.15,10.85,10.90,+0.10,184836,2023130,151
2026-05-29,TPEx,4417,金洲,46.70,46.80,45.85,46.00,+0.05,123267,5679556,106
2026-05-29,TPEx,4419,皇家美食,46.10,46.10,46.05,46.10,+0.05,6492,298930,9
2026-05-29,TPEx,4420,光明,38.50,38.50,38.00,38.20,+0.25,48254,1840922,104
2026-05-29,TPEx,4430,耀億,17.20,17.20,16.85,17.15,-0.10,171553,2909320,182
2026-05-29,TPEx,4432,銘旺實,16.60,17.30,16.50,17.05,+0.45,81730,1368891,72
2026-05-29,TPEx,4433,興采,21.55,21.55,21.25,21.25,-0.30,29794,636299,105
2026-05-29,TPEx,4442,竣邦-KY,50.50,50.50,50.10,50.10,0.00,38551,1933980,42
2026-05-29,TPEx,4502,健信,15.70,15.85,15.30,15.85,+0.15,89969,1401910,69
2026-05-29,TPEx,4503,金雨,39.00,39.00,38.00,38.40,-0.10,169988,6522432,128
2026-05-29,TPEx,4506,崇友,117.00,118.00,116.50,117.50,+0.50,109633,12860295,222
2026-05-29,TPEx,4510,高鋒,48.30,51.00,48.05,50.40,+2.60,5061181,253802230,3385
2026-05-29,TPEx,4513,福裕,14.20,14.85,14.20,14.75,+0.65,435454,6342218,354
2026-05-29,TPEx,4523,永彰,29.60,29.95,29.20,29.95,+0.95,220434,6551456,173
2026-05-29,TPEx,4527,方土霖,45.45,46.10,45.25,45.95,+0.85,383468,17513488,287
2026-05-29,TPEx,4528,江興鍛,15.65,15.95,15.50,15.50,+0.20,68956,1079617,158
2026-05-29,TPEx,4529,淳紳,5.18,5.18,4.85,4.85,+0.01,34910,174581,32
2026-05-29,TPEx,4530,宏易,25.00,25.50,25.00,25.00,+0.15,7733,194374,15
2026-05-29,TPEx,4533,協易機,32.50,32.85,31.80,32.15,+0.15,2709279,87199503,1612
2026-05-29,TPEx,4534,慶騰,26.85,28.20,26.50,28.20,+2.55,4334322,120749285,3049
2026-05-29,TPEx,4535,至興,27.35,27.35,27.20,27.30,-0.05,30029,820042,22
2026-05-29,TPEx,4538,大詠城,17.45,17.90,17.35,17.50,+0.05,31000,541950,25
2026-05-29,TPEx,4541,晟田,45.70,46.50,44.90,45.25,+0.45,1720408,78401299,1025
2026-05-29,TPEx,4542,科嶠,265.00,280.00,264.00,270.00,+8.50,831620,226666685,1469
2026-05-29,TPEx,4543,萬在,39.60,41.85,38.85,41.50,+2.80,1070154,43464213,758
2026-05-29,TPEx,4549,桓達,124.50,124.50,121.00,124.50,+11.00,1531450,189823608,1304
2026-05-29,TPEx,4550,長佳,25.00,25.25,24.80,25.25,+0.30,55420,1388392,48
2026-05-29,TPEx,4554,橙的,30.50,30.50,30.35,30.35,0.00,28101,854987,34
2026-05-29,TPEx,4556,旭然,38.25,40.00,38.00,39.15,+0.95,405304,15680939,248
2026-05-29,TPEx,4558,寶緯,19.65,19.70,19.65,19.65,0.00,14051,276301,13
2026-05-29,TPEx,4561,健椿,47.60,51.70,46.90,51.70,+4.70,1901678,97102723,1057
2026-05-29,TPEx,4563,百德,48.35,48.90,48.00,48.50,+0.40,253925,12290193,213
2026-05-29,TPEx,4568,科際精密,40.20,40.20,40.20,40.20,+0.10,2009,80764,3
2026-05-29,TPEx,4577,達航科技,119.00,121.00,109.50,111.50,-5.00,1713559,193977598,12741
2026-05-29,TPEx,4580,捷流閥業,81.60,82.70,81.60,82.50,+0.90,78457,6451135,77
2026-05-29,TPEx,4584,君帆,42.80,44.90,42.80,43.85,+0.65,11478,500783,15
2026-05-29,TPEx,4609,唐鋒,6.15,6.15,5.93,5.95,+0.23,66385,401453,38
2026-05-29,TPEx,4702,中美實,9.69,9.75,9.64,9.69,+0.03,57233,553982,103
2026-05-29,TPEx,4706,大恭,31.25,32.50,31.00,32.50,+0.50,30657,967640,32
2026-05-29,TPEx,4707,磐亞,14.95,16.30,14.90,16.30,+1.45,4782731,76076703,2372
2026-05-29,TPEx,4711,永純,17.10,17.10,16.60,16.70,-0.20,278772,4674313,185
2026-05-29,TPEx,4714,永捷,13.50,13.60,13.30,13.40,-0.05,998851,13381915,498
2026-05-29,TPEx,4716,大立,14.80,14.90,14.45,14.75,0.00,436604,6386525,427
2026-05-29,TPEx,4721,美琪瑪,89.00,93.30,88.20,92.70,+5.70,2601378,240216373,2264
2026-05-29,TPEx,4726,永昕,27.30,27.60,27.15,27.15,-0.15,267809,7311955,209
2026-05-29,TPEx,4728,雙美,380.00,380.00,378.00,380.00,0.00,9038,3426418,28
2026-05-29,TPEx,4729,熒茂,24.70,25.20,24.30,25.10,+0.40,1201256,29854530,901
2026-05-29,TPEx,4735,豪展,30.90,31.00,30.60,30.80,-0.10,61424,1892926,73
2026-05-29,TPEx,4741,泓瀚,62.70,63.40,59.40,60.00,-1.90,921231,56332871,789
2026-05-29,TPEx,4743,合一,50.40,50.90,50.00,50.40,+0.70,2202350,111020921,1444
2026-05-29,TPEx,4744,皇將,34.75,35.10,34.50,34.60,+0.15,279181,9684233,233
2026-05-29,TPEx,4745,合富-KY,15.80,16.55,15.80,15.90,+0.35,122087,1955501,70
2026-05-29,TPEx,4747,強生,56.50,57.00,56.00,57.00,+0.50,63647,3600945,52
2026-05-29,TPEx,4749,新應材,1130.00,1130.00,1055.00,1070.00,-20.00,1650959,1782182090,7152
2026-05-29,TPEx,4754,國碳科,37.90,37.90,37.70,37.85,+0.15,16696,630317,45
2026-05-29,TPEx,4760,勤凱,468.00,468.00,468.00,468.00,+42.50,426303,199509804,456
2026-05-29,TPEx,4767,誠泰科技,27.00,27.05,26.65,27.00,+0.10,23100,621359,23
2026-05-29,TPEx,4768,晶呈科技,504.00,504.00,468.00,469.50,-21.50,1781098,850848920,4056
2026-05-29,TPEx,4772,台特化,302.50,304.50,298.50,300.00,+1.00,1107784,333288508,2063
2026-05-29,TPEx,4806,桂田文創,9.95,10.35,9.91,10.35,+0.40,47404,474362,37
2026-05-29,TPEx,4903,聯光通,44.05,45.00,43.60,44.85,+1.15,1541266,68212298,1284
2026-05-29,TPEx,4905,台聯電,80.00,81.90,78.80,80.20,+2.80,41102,3308035,47
2026-05-29,TPEx,4907,富宇,35.55,35.60,35.10,35.60,0.00,78421,2770422,78
2026-05-29,TPEx,4908,前鼎,242.50,242.50,231.50,233.00,-6.00,3160359,744559077,3938
2026-05-29,TPEx,4909,新復興,53.10,55.50,53.00,54.90,+2.80,1433833,77965047,1132
2026-05-29,TPEx,4911,德英,31.85,31.95,31.30,31.75,-0.10,29279,929682,57
2026-05-29,TPEx,4923,力士,48.85,49.60,46.90,47.00,-1.85,1755838,84333646,1655
2026-05-29,TPEx,4924,欣厚-KY,11.50,11.90,11.50,11.90,+0.55,49745,583784,35
2026-05-29,TPEx,4931,新盛力,221.00,229.50,219.00,229.50,+20.50,11071913,2505425598,8568
2026-05-29,TPEx,4933,友輝,75.80,77.90,75.00,77.30,+2.80,1303997,99958127,1075
2026-05-29,TPEx,4939,亞電,47.05,50.50,45.75,50.50,+4.55,31208033,1541438876,18260
2026-05-29,TPEx,4946,辣椒,102.00,102.00,100.50,102.00,+1.00,27051,2746599,81
2026-05-29,TPEx,4950,金耘國際,16.25,16.30,15.80,16.30,0.00,93250,1498161,95
2026-05-29,TPEx,4951,精拓科,125.00,126.50,121.00,122.00,-1.00,785131,96274666,2639
2026-05-29,TPEx,4953,緯軟,121.00,124.00,121.00,122.50,+2.50,573479,70386783,640
2026-05-29,TPEx,4966,譜瑞-KY,866.00,929.00,810.00,834.00,-11.00,9119478,7958002574,16629
2026-05-29,TPEx,4971,IET-KY,738.00,750.00,715.00,750.00,+39.00,240591,176615442,689
2026-05-29,TPEx,4972,湯石照明,16.40,16.45,16.40,16.45,-0.05,62214,1021758,75
2026-05-29,TPEx,4973,廣穎,165.00,165.00,151.50,160.00,+7.50,14062351,2243196955,11725
2026-05-29,TPEx,4974,亞泰,79.20,79.30,77.20,78.00,+0.20,567981,44336355,995
2026-05-29,TPEx,4979,華星光,610.00,646.00,608.00,624.00,+20.00,9533780,5945295978,13061
2026-05-29,TPEx,4991,環宇-KY,698.00,774.00,685.00,730.00,+25.00,8711499,6314989209,13704
2026-05-29,TPEx,4995,晶達,45.00,45.30,44.80,45.20,+0.90,36769,1656307,51
2026-05-29,TPEx,5009,榮剛,35.80,36.75,35.70,36.05,+0.55,3128336,113329484,1655
2026-05-29,TPEx,5011,久陽,18.10,19.90,18.10,18.70,+0.60,2568182,49808576,1304
2026-05-29,TPEx,5013,強新,28.00,28.00,27.55,27.85,-0.15,7812,216032,11
2026-05-29,TPEx,5014,建錩,11.00,11.65,11.00,11.15,+0.25,379613,4250699,210
2026-05-29,TPEx,5015,華祺,24.05,24.65,24.05,24.25,+0.20,34238,833667,40
2026-05-29,TPEx,5016,松和,25.65,26.05,25.45,25.55,-0.10,46300,1188682,35
2026-05-29,TPEx,5201,凱衛,28.70,28.70,27.85,28.35,+0.05,73016,2061205,67
2026-05-29,TPEx,5202,力新,12.45,12.70,12.10,12.20,-0.25,797774,9845703,477
2026-05-29,TPEx,5205,中茂,23.65,23.65,21.85,23.50,+0.05,4167,95748,8
2026-05-29,TPEx,5206,坤悅,21.70,21.70,21.45,21.60,-0.10,61363,1321574,105
2026-05-29,TPEx,5209,新鼎,170.00,172.00,170.00,172.00,+3.00,70515,12068168,105
2026-05-29,TPEx,5210,寶碩,29.20,30.85,28.50,29.00,+0.15,1427141,41610269,795
2026-05-29,TPEx,5211,蒙恬,17.85,19.10,17.80,18.35,+0.65,100525,1848113,112
2026-05-29,TPEx,5212,凌網,46.60,46.60,45.25,45.85,-0.75,35279,1616454,68
2026-05-29,TPEx,5213,亞昕,26.15,26.35,26.05,26.25,+0.10,922493,24165228,481
2026-05-29,TPEx,5220,萬達光電,23.00,23.30,22.85,23.25,+0.25,52160,1205873,43
2026-05-29,TPEx,5223,安力-KY,24.50,25.25,24.50,24.70,0.00,24241,601705,24
2026-05-29,TPEx,5227,立凱-KY,24.35,24.90,24.00,24.55,+0.20,144505,3527462,236
2026-05-29,TPEx,5228,鈺鎧,65.00,65.00,61.80,64.00,+0.80,414672,26421500,344
2026-05-29,TPEx,5230,雷笛克光學,17.20,18.25,17.15,17.25,+0.40,398408,7026539,300
2026-05-29,TPEx,5236,凌陽創新,186.00,186.00,181.50,182.50,+1.00,442151,80933721,834
2026-05-29,TPEx,5245,智晶,26.90,28.40,26.65,27.05,+0.25,322073,8839765,283
2026-05-29,TPEx,5251,天鉞電,26.70,26.90,26.65,26.70,+0.05,67227,1796358,177
2026-05-29,TPEx,5263,智崴,106.00,106.00,101.50,103.50,-1.50,259115,26774970,305
2026-05-29,TPEx,5272,笙科,22.15,22.40,21.95,22.10,+0.10,282377,6242765,186
2026-05-29,TPEx,5274,信驊,19000.00,19510.00,18615.00,18950.00,+1115.00,686513,13089484265,11907
2026-05-29,TPEx,5276,達輝-KY,19.20,20.00,19.10,19.20,-0.20,26845,517803,28
2026-05-29,TPEx,5278,尚凡*,22.30,22.30,22.05,22.20,+0.15,224105,4967263,164
2026-05-29,TPEx,5287,數字,149.00,149.50,146.00,146.50,-2.00,239640,35316492,842
2026-05-29,TPEx,5289,宜鼎,1760.00,1840.00,1735.00,1810.00,+110.00,5120324,9197572285,12908
2026-05-29,TPEx,5291,邑昇,72.90,73.60,71.00,71.80,+0.80,817234,58842132,801
2026-05-29,TPEx,5299,杰力,122.50,125.00,117.00,119.50,+0.50,1391514,167400250,1266
2026-05-29,TPEx,5301,寶得利,6.98,6.98,6.62,6.88,-0.02,27828,187683,30
2026-05-29,TPEx,5302,太欣,11.70,11.70,10.55,10.80,-0.15,1967804,21613013,875
2026-05-29,TPEx,5309,系統電,68.00,69.70,66.50,69.00,+1.90,7861590,532777352,4767
2026-05-29,TPEx,5310,天剛,23.00,23.00,23.00,23.00,0.00,2033,46749,5
2026-05-29,TPEx,5312,寶島科,93.80,94.30,93.80,94.20,+0.40,23602,2218980,43
2026-05-29,TPEx,5314,世紀*,61.90,64.40,61.70,63.00,+1.80,4440360,279397109,2975
2026-05-29,TPEx,5315,光聯,22.00,22.35,21.95,22.25,+0.35,1044622,23139883,311
2026-05-29,TPEx,5321,美而快,49.60,52.20,49.60,52.20,+3.20,554653,28482292,397
2026-05-29,TPEx,5324,士開,11.85,11.90,11.80,11.90,+0.10,260504,3089251,86
2026-05-29,TPEx,5328,華容,37.50,39.60,35.95,39.60,+3.60,29947830,1136791678,14253
2026-05-29,TPEx,5340,建榮,102.00,105.00,100.50,101.50,+1.50,3080329,315305845,2805
2026-05-29,TPEx,5344,立衛,15.85,16.00,15.05,15.60,+0.30,142274,2239890,185
2026-05-29,TPEx,5345,馥鴻,22.45,22.45,22.45,22.45,+2.00,83922,1883981,59
2026-05-29,TPEx,5347,世界,164.50,168.00,161.00,168.00,+6.50,34312493,5658250174,18513
2026-05-29,TPEx,5348,正能量智能,15.35,15.35,15.30,15.30,0.00,8944,135978,23
2026-05-29,TPEx,5351,鈺創,85.10,87.30,84.10,86.20,+3.60,24247760,2082607609,16966
2026-05-29,TPEx,5353,台林,27.20,29.60,27.20,29.60,+2.65,867690,24858015,680
2026-05-29,TPEx,5355,佳總,6.30,6.80,6.23,6.55,+0.13,168108,1097407,61
2026-05-29,TPEx,5356,協益,27.00,27.05,26.75,26.75,-0.25,143845,3869865,122
2026-05-29,TPEx,5364,力麗店,8.90,8.93,8.75,8.79,+0.05,97412,859798,67
2026-05-29,TPEx,5371,中光電,72.50,75.10,71.90,72.60,+2.50,6987951,511566011,4552
2026-05-29,TPEx,5381,光譜,25.55,25.55,25.05,25.10,-0.10,915041,23071333,708
2026-05-29,TPEx,5386,青雲,584.00,597.00,576.00,593.00,+18.00,2467744,1448054383,3541
2026-05-29,TPEx,5392,能率,41.50,44.55,41.30,44.55,+4.05,12410143,549145954,6685
2026-05-29,TPEx,5398,慕康生醫,16.85,16.95,16.55,16.75,-0.30,82011,1369370,69
2026-05-29,TPEx,5403,中菲,85.00,86.10,85.00,85.50,+0.50,69961,5983029,270
2026-05-29,TPEx,5410,國眾,39.85,39.95,38.80,39.95,+0.95,1257660,49571748,1063
2026-05-29,TPEx,5425,台半,125.50,125.50,113.00,116.50,+2.00,66971315,7915818888,43909
2026-05-29,TPEx,5426,振發,18.80,18.85,18.55,18.65,0.00,400497,7469906,297
2026-05-29,TPEx,5432,新門,136.00,137.50,134.50,135.00,+0.50,62436,8475706,161
2026-05-29,TPEx,5438,東友,19.50,19.50,18.95,19.10,+0.05,138325,2648845,139
2026-05-29,TPEx,5439,高技,379.00,386.00,371.50,383.00,+13.00,2024720,768352086,3049
2026-05-29,TPEx,5443,均豪,124.00,128.50,123.00,126.50,+4.50,4883969,618219886,4867
2026-05-29,TPEx,5450,南良,12.70,13.00,12.65,12.80,+0.20,73008,934648,56
2026-05-29,TPEx,5452,佶優,32.50,35.50,32.05,34.95,+2.60,8035274,276499116,5015
2026-05-29,TPEx,5455,昇益,22.50,23.95,22.50,23.10,-0.30,141284,3287482,32
2026-05-29,TPEx,5457,宣德,29.40,29.90,29.40,29.75,+0.45,498056,14734159,348
2026-05-29,TPEx,5460,同協,15.10,15.10,15.00,15.00,0.00,30006,450732,82
2026-05-29,TPEx,5464,霖宏,77.00,83.00,75.60,83.00,+7.50,2320417,189935992,1424
2026-05-29,TPEx,5465,富驊,26.25,26.50,26.00,26.10,+0.10,160012,4196146,134
2026-05-29,TPEx,5468,凱鈺,17.30,17.45,16.95,17.25,-0.05,104173,1798608,71
2026-05-29,TPEx,5474,聰泰,173.00,180.00,173.00,180.00,+16.00,2184106,390550967,1738
2026-05-29,TPEx,5475,德宏,265.00,270.00,246.00,270.00,+3.50,7410583,1883709953,12627
2026-05-29,TPEx,5478,智冠,98.00,99.50,98.00,99.00,-0.80,182787,18053220,266
2026-05-29,TPEx,5481,新華,18.30,18.45,18.00,18.00,-0.30,152785,2760405,277
2026-05-29,TPEx,5483,中美晶,168.00,175.00,167.00,172.00,+11.50,27576122,4722839227,20643
2026-05-29,TPEx,5487,通泰,27.80,28.05,27.15,27.35,+0.30,166498,4574616,203
2026-05-29,TPEx,5488,松普,11.65,12.30,11.60,12.20,+0.70,1020248,12344946,514
2026-05-29,TPEx,5489,彩富,39.00,39.50,38.90,38.90,-0.10,43181,1682909,37
2026-05-29,TPEx,5490,同亨,29.15,29.40,28.70,28.80,-0.15,591584,17104293,646
2026-05-29,TPEx,5493,三聯,90.00,90.10,88.60,89.00,+0.40,186354,16634813,192
2026-05-29,TPEx,5498,凱崴,66.80,67.80,65.40,65.80,+0.10,4354900,287789484,3816
2026-05-29,TPEx,5508,永信建,46.05,46.60,45.50,45.95,-0.10,549291,25247747,669
2026-05-29,TPEx,5511,德昌,71.40,71.90,71.30,71.60,+0.30,115078,8234026,116
2026-05-29,TPEx,5512,力麒,6.98,7.08,6.93,7.01,+0.03,2399918,16817977,780
2026-05-29,TPEx,5514,三豐,14.05,14.05,13.70,13.90,-0.55,60699,839905,52
2026-05-29,TPEx,5516,雙喜,10.20,10.40,10.20,10.40,+0.15,11104,114011,12
2026-05-29,TPEx,5520,力泰,82.80,83.00,82.80,83.00,+0.60,6101,506022,8
2026-05-29,TPEx,5523,豐謙,30.45,30.50,30.25,30.50,+0.05,47028,1429531,64
2026-05-29,TPEx,5529,鉅陞,21.95,22.30,21.90,22.25,+0.30,77334,1701867,55
2026-05-29,TPEx,5530,龍巖,46.10,46.95,46.05,46.40,+0.40,3181481,147672886,484
2026-05-29,TPEx,5536,聖暉*,1050.00,1060.00,993.00,993.00,-42.00,1821801,1850900329,4518
2026-05-29,TPEx,5543,桓鼎-KY,30.15,30.20,28.50,29.95,-0.20,40511,1184239,38
2026-05-29,TPEx,5547,久舜,21.85,21.90,21.80,21.80,+0.05,34451,751710,22
2026-05-29,TPEx,5548,安倉,23.25,23.30,23.20,23.30,+0.05,58310,1356072,39
2026-05-29,TPEx,5601,台聯櫃,31.80,33.20,31.75,32.05,+0.05,20000,638500,8
2026-05-29,TPEx,5603,陸海,15.15,15.15,14.95,15.10,-0.05,145941,2193561,362
2026-05-29,TPEx,5604,中連,31.10,31.10,30.80,31.00,0.00,30552,945261,49
2026-05-29,TPEx,5609,中菲行,83.00,83.00,80.50,81.00,+0.60,371657,30222888,600
2026-05-29,TPEx,5701,劍湖山,4.00,4.00,4.00,4.00,+0.36,270174,1080696,181
2026-05-29,TPEx,5703,亞都,13.70,13.85,13.70,13.85,+0.15,4001,55264,4
2026-05-29,TPEx,5704,老爺知,21.35,21.35,21.15,21.20,-0.15,21944,465328,47
2026-05-29,TPEx,5864,致和證,41.20,43.05,40.50,43.05,+3.20,11429398,476637826,5139
2026-05-29,TPEx,5878,台名,41.20,41.20,41.00,41.20,0.00,10774,443068,16
2026-05-29,TPEx,5902,德記,35.65,35.65,34.65,34.90,-0.10,49612,1740458,51
2026-05-29,TPEx,5903,全家,186.50,187.00,186.00,187.00,+0.50,52654,9811194,267
2026-05-29,TPEx,5904,寶雅,558.00,575.00,558.00,575.00,+18.00,397356,227016414,1450
2026-05-29,TPEx,5905,南仁湖,7.81,7.91,7.80,7.84,+0.04,403911,3163432,271
2026-05-29,TPEx,6015,宏遠證,18.30,19.50,18.15,19.30,+1.30,10899186,203708023,3422
2026-05-29,TPEx,6016,康和證,27.75,29.60,27.50,29.60,+2.65,20972695,601534773,8425
2026-05-29,TPEx,6020,大展證,23.95,24.10,23.60,24.10,+0.75,180476,4313733,136
2026-05-29,TPEx,6021,美好證,35.80,37.15,35.55,36.90,+1.55,691348,25234654,469
2026-05-29,TPEx,6023,元大期,98.80,100.00,98.80,98.90,-0.20,329074,32612684,281
2026-05-29,TPEx,6026,福邦證,16.55,16.95,16.45,16.85,+0.60,6793045,113720266,2060
2026-05-29,TPEx,6028,公勝保經,79.10,79.10,79.00,79.10,0.00,18285,1446312,17
2026-05-29,TPEx,6101,寬魚國際,39.60,39.60,37.70,38.35,-1.25,351554,13426463,356
2026-05-29,TPEx,6103,合邦,39.50,39.50,38.00,38.00,+1.00,8324,324241,16
2026-05-29,TPEx,6104,創惟,98.90,100.50,98.20,99.00,+1.30,1295262,128459211,1158
2026-05-29,TPEx,6109,亞元,10.80,11.30,10.80,11.30,+0.60,335596,3693107,176
2026-05-29,TPEx,6111,光聚晶電,44.45,45.45,44.45,45.20,+0.90,314931,14250177,259
2026-05-29,TPEx,6113,亞矽,26.50,27.65,26.30,27.60,+1.40,500874,13622549,396
2026-05-29,TPEx,6114,久威,30.75,30.80,30.25,30.35,+0.05,58241,1776132,56
2026-05-29,TPEx,6118,建達,17.60,17.80,17.55,17.60,+0.15,322114,5691903,225
2026-05-29,TPEx,6121,新普,390.00,399.00,385.00,393.00,+5.50,1145811,447743026,1678
2026-05-29,TPEx,6122,擎邦,46.40,46.85,46.40,46.70,+0.35,273984,12781744,236
2026-05-29,TPEx,6123,上奇,43.00,43.45,43.00,43.30,+0.20,74364,3215475,86
2026-05-29,TPEx,6124,業強,29.70,29.70,29.00,29.30,+0.50,53589,1569804,100
2026-05-29,TPEx,6125,廣運,66.60,68.70,66.50,66.70,+1.10,7721899,517260602,2468
2026-05-29,TPEx,6126,信音,36.00,36.15,35.35,35.50,+0.15,1031163,36676439,779
2026-05-29,TPEx,6127,九豪,63.00,67.30,60.40,67.30,+6.10,38105114,2451018056,20287
2026-05-29,TPEx,6129,普誠,15.15,16.60,15.10,16.60,+1.50,1341090,21200159,750
2026-05-29,TPEx,6130,上亞科技,22.35,22.35,21.60,21.95,-0.10,319579,6990809,169
2026-05-29,TPEx,6134,萬旭,34.00,36.20,33.80,36.20,+3.25,7845767,281312973,4766
2026-05-29,TPEx,6138,茂達,353.00,355.50,341.50,345.50,+2.50,1506092,524080498,1919
2026-05-29,TPEx,6140,訊達,19.20,19.25,18.75,18.80,-0.20,167658,3177020,252
2026-05-29,TPEx,6143,振曜,103.00,103.00,99.80,99.80,-1.70,1473768,148661714,2849
2026-05-29,TPEx,6144,得利影,14.65,14.65,14.20,14.45,-0.05,17331,248449,23
2026-05-29,TPEx,6146,耕興,220.00,234.50,220.00,233.00,+5.50,1801366,412827518,4522
2026-05-29,TPEx,6147,頎邦,300.50,305.50,290.00,305.50,+27.50,39415888,11887274155,19023
2026-05-29,TPEx,6148,驊宏資,29.00,29.05,28.70,28.80,+0.20,147412,4250864,148
2026-05-29,TPEx,6150,撼訊,68.70,69.30,67.40,68.50,+0.50,702239,47957840,648
2026-05-29,TPEx,6151,晉倫,44.65,44.65,42.75,43.05,-0.05,740527,32100544,615
2026-05-29,TPEx,6154,順發,13.40,13.40,13.25,13.30,-0.15,85243,1133870,136
2026-05-29,TPEx,6156,松上,18.40,18.50,18.20,18.45,+0.25,656690,12035143,274
2026-05-29,TPEx,6158,禾昌,17.90,18.00,17.80,17.95,+0.35,66738,1193537,84
2026-05-29,TPEx,6160,欣技,16.85,17.75,16.30,17.35,+1.20,757035,13103960,899
2026-05-29,TPEx,6161,捷波,60.50,61.80,59.00,59.10,-1.10,808344,48280661,990
2026-05-29,TPEx,6163,華電網,49.00,53.00,48.40,53.00,+4.80,4654185,238478196,2990
2026-05-29,TPEx,6167,久正,11.70,11.75,11.55,11.60,+0.10,704184,8189836,334
2026-05-29,TPEx,6169,昱泉,14.30,14.30,13.65,14.00,+0.15,25521,353871,53
2026-05-29,TPEx,6170,統振,50.50,51.70,50.40,51.40,+0.90,478349,24456242,318
2026-05-29,TPEx,6171,大城地產,,,,,,211,4935,7
2026-05-29,TPEx,6173,信昌電,227.00,237.00,213.50,237.00,+17.50,1395762,316385952,1642
2026-05-29,TPEx,6174,安碁,47.20,48.00,45.60,46.65,+0.10,2990340,139591825,2613
2026-05-29,TPEx,6175,立敦,115.00,115.50,102.00,103.00,-4.00,13829232,1470183966,12310
2026-05-29,TPEx,6179,亞通,24.00,24.00,23.70,23.85,+0.20,915974,21814317,521
2026-05-29,TPEx,6180,橘子,39.50,41.40,39.45,40.80,+1.45,1106005,45043842,924
2026-05-29,TPEx,6182,合晶,99.00,99.70,96.00,99.50,+8.80,14736143,1458493056,9432
2026-05-29,TPEx,6185,幃翔,13.70,13.85,13.70,13.85,+0.20,152376,2096133,168
2026-05-29,TPEx,6186,新潤,39.60,39.75,39.20,39.60,+0.45,434270,17159831,362
2026-05-29,TPEx,6187,萬潤,1225.00,1285.00,1120.00,1120.00,-120.00,7700713,9136586310,20176
2026-05-29,TPEx,6188,廣明,82.60,85.00,82.10,84.60,+2.80,2627641,221045130,2211
2026-05-29,TPEx,6190,萬泰科,87.60,92.10,85.00,92.00,+6.10,17728791,1565604585,14013
2026-05-29,TPEx,6194,育富,34.70,34.70,34.50,34.55,0.00,166164,5745128,91
2026-05-29,TPEx,6195,詩肯,26.10,26.25,26.10,26.20,+0.10,20335,532245,57
2026-05-29,TPEx,6198,瑞築,21.05,21.05,20.35,20.75,-0.30,69000,1420500,33
2026-05-29,TPEx,6199,天品,92.50,93.40,91.00,91.00,-1.40,364593,33491302,306
2026-05-29,TPEx,6203,海韻電,71.50,71.50,70.60,70.70,+0.30,162776,11556555,221
2026-05-29,TPEx,6204,艾華,91.50,94.80,88.80,93.00,+1.50,869399,80174571,775
2026-05-29,TPEx,6207,雷科,108.00,115.50,107.00,111.50,+6.50,19684713,2196621790,14715
2026-05-29,TPEx,6208,日揚,95.80,97.60,93.80,95.10,+2.00,1045780,99892069,1061
2026-05-29,TPEx,6210,慶生,20.90,21.40,20.55,20.90,-0.15,27827,581349,30
2026-05-29,TPEx,6212,理銘,,,,,,0,0,0
2026-05-29,TPEx,6217,中探針,286.00,290.00,280.50,289.50,+14.50,1363351,390122898,2322
2026-05-29,TPEx,6218,豪勉,39.80,40.00,38.80,39.00,-0.50,1678908,65843256,2682
2026-05-29,TPEx,6219,富旺,11.85,12.35,11.70,12.05,+0.30,511977,6162589,252
2026-05-29,TPEx,6220,岳豐,33.15,33.50,32.70,33.50,+0.45,967419,32061557,530
2026-05-29,TPEx,6221,晉泰,23.20,23.35,23.00,23.20,+0.10,154291,3574468,170
2026-05-29,TPEx,6222,立軒,20.60,21.00,20.20,21.00,+0.30,74417,1524768,65
2026-05-29,TPEx,6223,旺矽,6165.00,6200.00,5870.00,5960.00,+45.00,7883195,47072482470,6360
2026-05-29,TPEx,6227,茂綸,139.00,143.00,132.00,134.50,+4.00,4222942,578423884,9122
2026-05-29,TPEx,6228,全譜,20.60,20.75,20.40,20.65,-0.35,19535,403871,27
2026-05-29,TPEx,6229,研通,26.85,27.30,26.45,26.65,+0.15,185235,4950806,188
2026-05-29,TPEx,6231,系微,288.00,293.00,284.00,284.50,-5.50,691077,198787822,1282
2026-05-29,TPEx,6233,旺玖,25.15,25.35,25.00,25.10,+0.10,431775,10849314,305
2026-05-29,TPEx,6234,高僑,51.70,52.20,49.10,49.70,-1.50,3039288,152895842,16712
2026-05-29,TPEx,6236,中湛,,,,,,1,20,1
2026-05-29,TPEx,6237,驊訊,52.10,52.60,50.30,50.30,-1.70,1762655,89950000,1492
2026-05-29,TPEx,6240,松崗,17.85,18.10,17.65,17.90,+0.05,9001,161669,8
2026-05-29,TPEx,6241,鑫永洋,10.10,10.10,9.86,9.89,-0.11,215966,2143597,113
2026-05-29,TPEx,6242,立康,38.00,38.30,37.90,38.20,+0.05,19110,725759,16
2026-05-29,TPEx,6244,茂迪,30.65,30.80,29.80,30.05,-0.05,7978998,240256188,4335
2026-05-29,TPEx,6245,立端,87.20,87.80,86.20,87.20,+1.10,900255,78309612,943
2026-05-29,TPEx,6246,臺龍,15.45,15.45,15.10,15.15,-0.35,74383,1137499,94
2026-05-29,TPEx,6248,沛波,18.40,18.50,18.35,18.45,+0.10,64831,1195820,72
2026-05-29,TPEx,6259,百徽,27.55,28.00,26.60,27.00,0.00,727401,19688736,474
2026-05-29,TPEx,6261,久元,121.50,124.50,118.00,123.00,+5.00,7773910,948481778,6790
2026-05-29,TPEx,6263,普萊德,183.50,184.50,177.00,178.50,+1.50,431237,77503363,1793
2026-05-29,TPEx,6264,富裔,6.08,6.10,5.80,6.07,-0.02,140521,838341,111
2026-05-29,TPEx,6265,方土昶,55.00,56.00,53.00,55.20,+1.40,10010528,546593026,6545
2026-05-29,TPEx,6266,泰詠,28.30,28.30,27.85,28.10,-0.05,393719,11017206,370
2026-05-29,TPEx,6270,倍微,27.25,27.65,27.10,27.65,+0.60,404369,11075893,310
2026-05-29,TPEx,6274,台燿,1615.00,1690.00,1610.00,1690.00,+150.00,9687712,16242255295,17588
2026-05-29,TPEx,6275,元山,48.40,49.55,47.75,49.20,+1.25,913742,44458359,624
2026-05-29,TPEx,6276,安鈦克,26.60,27.50,26.60,27.50,+0.55,56167,1531270,82
2026-05-29,TPEx,6279,胡連,125.00,126.00,122.00,122.50,0.00,1642512,202832628,1634
2026-05-29,TPEx,6284,佳邦,130.00,131.00,117.00,119.50,-4.50,14063876,1709591889,10305
2026-05-29,TPEx,6290,良維,347.50,347.50,321.50,347.00,+11.00,12052358,4052403305,12175
2026-05-29,TPEx,6291,沛亨,695.00,718.00,666.00,679.00,+25.00,3369043,2323384453,5775
2026-05-29,TPEx,6292,迅德,68.50,74.00,67.00,69.90,+1.20,3922411,276093211,3214
2026-05-29,TPEx,6294,智基,27.40,27.50,27.10,27.50,0.00,25544,698819,101
2026-05-29,TPEx,6411,晶焱,117.00,117.50,107.00,110.00,-1.00,9205564,1034334209,7626
2026-05-29,TPEx,6417,韋僑,148.00,150.00,140.50,142.50,-3.50,223485,32400430,689
2026-05-29,TPEx,6418,詠昇,31.05,31.05,29.50,29.55,-0.65,174429,5203342,196
2026-05-29,TPEx,6419,京晨科,143.00,144.00,139.00,140.50,+0.50,387547,54554264,829
2026-05-29,TPEx,6423,億而得,95.00,97.00,95.00,95.50,+0.90,238562,22868108,197
2026-05-29,TPEx,6425,易發,96.00,96.10,92.60,94.30,-0.70,2761256,259015523,20085
2026-05-29,TPEx,6432,今展科,70.50,72.40,67.60,70.60,+0.60,4958027,345626958,3920
2026-05-29,TPEx,6435,大中,286.00,298.00,279.00,287.50,+9.50,1425737,409913917,1911
2026-05-29,TPEx,6441,廣錠,24.85,24.90,24.20,24.50,-0.05,146614,3578278,139
2026-05-29,TPEx,6461,益得,15.25,15.55,15.25,15.30,-0.05,367955,5648807,173
2026-05-29,TPEx,6462,神盾,126.00,126.50,122.00,125.00,0.00,2100083,261397148,2157
2026-05-29,TPEx,6465,威潤,50.00,50.00,47.05,47.90,-0.90,325884,15632641,286
2026-05-29,TPEx,6469,大樹,70.00,71.40,69.90,71.40,+1.30,673706,47633544,902
2026-05-29,TPEx,6470,宇智,49.00,49.00,48.10,48.30,-0.15,86652,4183837,152
2026-05-29,TPEx,6474,華豫寧,37.85,37.85,37.50,37.65,-0.15,67020,2523260,53
2026-05-29,TPEx,6482,弘煜科,28.55,28.60,28.55,28.60,+0.35,5380,153647,6
2026-05-29,TPEx,6485,點序,107.00,108.50,102.50,105.00,+2.00,1830659,192553260,1363
2026-05-29,TPEx,6486,互動,81.10,82.50,81.10,81.90,+0.90,71984,5886354,110
2026-05-29,TPEx,6488,環球晶,1015.00,1015.00,990.00,1015.00,+88.00,11189395,11324920877,14600
2026-05-29,TPEx,6492,生華科,44.50,46.00,43.80,45.20,+1.20,296567,13302173,240
2026-05-29,TPEx,6494,九齊,59.00,59.80,57.60,59.10,+0.10,331910,19443136,352
2026-05-29,TPEx,6496,科懋,22.85,23.30,22.70,22.85,-0.25,21519,492455,103
2026-05-29,TPEx,6498,久禾光,102.50,105.00,102.00,104.00,+2.50,169643,17516573,149
2026-05-29,TPEx,6499,益安,86.40,86.90,85.00,85.00,-1.30,391458,33387562,371
2026-05-29,TPEx,6506,雙邦,18.80,18.90,18.70,18.85,+0.05,160910,3026358,105
2026-05-29,TPEx,6508,惠光,23.25,23.45,23.15,23.35,+0.10,100166,2332966,111
2026-05-29,TPEx,6509,聚和,50.50,50.80,49.70,49.90,-0.10,2077891,104037928,1495
2026-05-29,TPEx,6510,精測,3380.00,3380.00,3105.00,3140.00,-140.00,680616,2166853010,7408
2026-05-29,TPEx,6512,啟發電,19.20,19.20,19.20,19.20,0.00,13328,256172,97
2026-05-29,TPEx,6516,勤崴國際,54.80,56.80,54.80,56.60,+1.20,171505,9601613,137
2026-05-29,TPEx,6517,保勝光學,57.80,59.80,57.80,59.00,+1.40,107164,6287111,160
2026-05-29,TPEx,6523,達爾膚,98.20,98.40,98.20,98.20,0.00,27770,2730264,53
2026-05-29,TPEx,6527,明達醫,70.00,70.20,69.80,70.00,+0.90,29025,2033142,17
2026-05-29,TPEx,6530,創威,106.00,109.00,106.00,107.50,+2.50,709334,76408366,708
2026-05-29,TPEx,6532,瑞耘,97.40,98.70,95.60,98.70,+2.50,915686,88773626,1207
2026-05-29,TPEx,6535,順藥,125.00,129.00,122.00,122.00,+0.50,261008,32635164,317
2026-05-29,TPEx,6538,倉和,117.00,123.50,117.00,123.50,+11.00,562281,68271192,609
2026-05-29,TPEx,6542,隆中,47.20,47.20,45.35,46.30,-0.95,8463,392963,15
2026-05-29,TPEx,6546,正基,81.60,84.90,80.80,84.50,+3.70,2261557,188905836,1601
2026-05-29,TPEx,6547,高端疫苗,44.40,45.60,44.30,45.20,+1.00,1503649,67673180,1058
2026-05-29,TPEx,6548,長科*,66.50,68.40,64.60,68.20,+1.80,27293174,1820907603,17765
2026-05-29,TPEx,6556,勝品,69.80,70.00,69.70,70.00,+0.30,6800,475800,12
2026-05-29,TPEx,6560,欣普羅,37.80,38.80,37.80,38.50,+0.45,61502,2365536,102
2026-05-29,TPEx,6561,是方,354.00,360.00,352.00,359.50,+9.50,126554,45161154,276
2026-05-29,TPEx,6568,宏觀,234.00,235.00,225.00,226.00,,347089,79443531,507
2026-05-29,TPEx,6569,醫揚,97.70,101.50,97.70,100.50,+1.60,80404,8026309,117
2026-05-29,TPEx,6570,維田,59.90,60.90,59.70,59.70,+0.40,417449,25116079,419
2026-05-29,TPEx,6574,霈方,116.50,119.50,115.50,119.50,+4.00,159370,18721893,269
2026-05-29,TPEx,6576,逸達,77.20,77.60,76.50,77.00,-0.60,169740,13068337,277
2026-05-29,TPEx,6577,勁豐,81.00,81.00,80.20,80.40,+0.80,26603,2140838,58
2026-05-29,TPEx,6578,達邦蛋白,16.35,16.70,16.35,16.60,+0.20,38886,642363,49
2026-05-29,TPEx,6584,南俊國際,701.00,752.00,690.00,744.00,+54.00,1727642,1262692838,3849
2026-05-29,TPEx,6588,東典光電,118.00,118.00,111.50,112.50,-3.00,1387839,158846995,1685
2026-05-29,TPEx,6590,普鴻,65.50,65.70,65.00,65.00,-0.30,25482,1666444,43
2026-05-29,TPEx,6593,台灣銘板,35.00,35.20,34.75,34.90,-0.10,69747,2432264,216
2026-05-29,TPEx,6596,寬宏藝術,95.90,96.30,95.90,96.00,0.00,132021,12687311,261
2026-05-29,TPEx,6597,立誠,72.00,72.00,71.00,71.00,-1.70,8249,588679,11
2026-05-29,TPEx,6603,富強鑫,25.25,26.50,25.00,25.55,+1.00,8253991,212352601,4392
2026-05-29,TPEx,6609,瀧澤科,45.15,48.90,44.50,45.95,+1.10,1734131,81414691,1403
2026-05-29,TPEx,6612,奈米醫材,72.40,72.50,72.20,72.40,0.00,26305,1903223,53
2026-05-29,TPEx,6613,朋億*,268.50,273.50,262.00,264.50,-1.00,332953,88368956,526
2026-05-29,TPEx,6615,慧智,33.00,33.00,32.85,32.85,-0.30,23279,767025,117
2026-05-29,TPEx,6616,特昇-KY,9.18,9.26,9.06,9.26,+0.08,58506,536716,43
2026-05-29,TPEx,6617,共信-KY,74.40,74.40,71.60,72.20,+0.40,332778,24196616,361
2026-05-29,TPEx,6620,漢達,71.80,72.00,71.00,72.00,+0.30,271937,19450128,249
2026-05-29,TPEx,6624,萬年清,39.90,40.20,39.90,39.90,0.00,4184,167359,13
2026-05-29,TPEx,6629,泰金-KY,117.50,118.50,116.00,117.00,-0.50,51180,5991300,50
2026-05-29,TPEx,6637,醫影,66.50,67.50,65.80,66.10,+0.10,47509,3149220,71
2026-05-29,TPEx,6640,均華,1405.00,1425.00,1355.00,1365.00,+25.00,519779,717549290,1363
2026-05-29,TPEx,6642,富致,101.00,101.00,87.50,90.80,-1.10,5688411,532554697,16138
2026-05-29,TPEx,6643,M31,575.00,585.00,567.00,580.00,+17.00,610116,351858378,1598
2026-05-29,TPEx,6649,台生材,38.45,38.70,37.95,38.40,+0.10,53036,2024060,35
2026-05-29,TPEx,6651,全宇昕,150.00,151.50,145.00,149.00,+3.50,319144,47380819,1371
2026-05-29,TPEx,6654,天正國際,154.00,154.00,153.50,154.00,+14.00,161483,24867882,117
2026-05-29,TPEx,6661,威健生技,17.35,17.35,17.05,17.05,+0.05,2001,34418,3
2026-05-29,TPEx,6662,樂斯科,29.00,29.00,28.60,28.60,+0.05,4001,115228,5
2026-05-29,TPEx,6664,群翊,457.00,457.00,436.00,436.00,-5.00,1596340,701598061,2090
2026-05-29,TPEx,6667,信紘科,283.00,288.50,281.00,287.00,+19.00,3562663,1014617055,5624
2026-05-29,TPEx,6679,鈺太,320.50,325.00,314.00,314.50,-2.00,301845,95886575,778
2026-05-29,TPEx,6680,鑫創電子,56.00,58.80,56.00,58.00,+0.10,18346,1073099,17
2026-05-29,TPEx,6683,雍智科技,1760.00,1760.00,1610.00,1665.00,-35.00,1315775,2172436785,6299
2026-05-29,TPEx,6684,安格,44.35,44.70,44.05,44.30,+0.05,142122,6284578,333
2026-05-29,TPEx,6690,安碁資訊,170.00,172.00,170.00,170.50,+1.00,130088,22234746,199
2026-05-29,TPEx,6692,進能服,27.00,27.25,26.60,26.75,-0.25,52387,1411925,130
2026-05-29,TPEx,6693,廣閎科,153.50,153.50,147.00,148.50,-1.50,889149,133514078,944
2026-05-29,TPEx,6697,東捷資訊,40.75,41.40,40.75,41.05,+0.40,47266,1946488,48
2026-05-29,TPEx,6703,軒郁,109.00,109.50,109.00,109.00,+0.50,49103,5358983,104
2026-05-29,TPEx,6708,天擎,40.85,41.60,40.00,41.00,+0.20,78111,3169518,75
2026-05-29,TPEx,6712,長聖,132.00,134.00,132.00,134.00,+2.50,235674,31337184,293
2026-05-29,TPEx,6716,應廣,129.00,129.00,107.00,107.00,-10.50,2235546,271355645,5286
2026-05-29,TPEx,6720,久昌,151.50,151.50,142.00,146.50,-0.50,99463,14393659,97
2026-05-29,TPEx,6721,信實,58.30,58.60,58.20,58.60,-0.20,7692,449146,17
2026-05-29,TPEx,6725,矽科宏晟,331.00,334.00,323.00,333.00,+10.00,214710,70423522,419
2026-05-29,TPEx,6727,亞泰金屬,604.00,605.00,550.00,586.00,+8.00,2607674,1506070253,4572
2026-05-29,TPEx,6728,上洋,109.50,112.50,108.00,112.50,+3.00,50592,5591039,67
2026-05-29,TPEx,6730,常廣,34.00,35.50,34.00,35.50,0.00,85200,2916539,78
2026-05-29,TPEx,6732,昇佳電子,172.50,186.50,170.50,178.00,+8.00,618717,111365938,935
2026-05-29,TPEx,6733,博晟生醫,26.35,26.35,25.75,25.95,+0.20,188255,4890249,121
2026-05-29,TPEx,6735,美達科技,111.50,114.00,106.50,107.50,-1.00,642802,70004105,706
2026-05-29,TPEx,6739,竹陞科技,1280.00,1280.00,1225.00,1235.00,-20.00,177959,222225170,1512
2026-05-29,TPEx,6741,91APP*-KY,62.60,63.40,61.80,61.90,-1.00,245940,15318523,306
2026-05-29,TPEx,6751,智聯服務,47.05,48.15,46.90,46.95,-0.10,34753,1643104,75
2026-05-29,TPEx,6752,叡揚,98.50,102.50,97.50,101.00,+2.30,104971,10562560,275
2026-05-29,TPEx,6761,穩得,227.00,229.00,212.50,217.00,-6.00,1316539,287039396,2222
2026-05-29,TPEx,6762,達亞,172.00,176.00,172.00,176.00,+4.00,3755,655120,9
2026-05-29,TPEx,6763,綠界科技*,42.85,43.50,42.75,43.25,+0.50,471608,20335641,394
2026-05-29,TPEx,6767,台微醫,26.80,26.80,26.40,26.50,+0.20,9001,238628,6
2026-05-29,TPEx,6785,昱展新藥,123.50,125.00,123.00,123.00,+0.50,46913,5804649,75
2026-05-29,TPEx,6788,華景電,423.00,423.50,417.50,423.50,+6.00,509179,214461050,974
2026-05-29,TPEx,6791,虎門科技,111.50,114.00,110.50,114.00,+3.00,50128,5620907,85
2026-05-29,TPEx,6803,崑鼎,286.50,287.00,285.00,287.00,+1.50,164275,46939607,365
2026-05-29,TPEx,6804,明係,16.20,16.40,16.10,16.10,+0.05,13125,212519,19
2026-05-29,TPEx,6811,宏碁資訊,213.00,215.00,212.00,215.00,+6.00,173802,37220624,252
2026-05-29,TPEx,6821,聯寶,72.60,72.80,69.80,70.10,-1.90,840923,59696014,831
2026-05-29,TPEx,6823,濾能,73.60,73.90,72.00,73.00,+0.30,220193,16035916,335
2026-05-29,TPEx,6829,千附精密,225.00,225.00,221.00,223.50,+7.50,396851,88994360,543
2026-05-29,TPEx,6840,東研信超,63.40,64.20,62.50,63.40,0.00,82373,5204670,101
2026-05-29,TPEx,6841,長佳智能,55.90,56.00,54.80,55.70,+0.10,288161,16003618,288
2026-05-29,TPEx,6843,進典,42.75,42.75,41.00,41.80,-0.60,45760,1903422,43
2026-05-29,TPEx,6844,諾貝兒,64.30,65.00,63.80,64.70,-0.30,20297,1304079,42
2026-05-29,TPEx,6846,綠茵,67.00,67.20,65.70,67.20,+0.70,12277,815858,17
2026-05-29,TPEx,6855,數泓科,110.00,110.00,105.50,107.00,-1.00,19121,2046985,52
2026-05-29,TPEx,6856,鑫傳,51.00,51.40,51.00,51.00,+0.60,7000,357400,4
2026-05-29,TPEx,6859,伯特光,126.00,128.00,124.50,127.00,+2.00,109057,13794361,170
2026-05-29,TPEx,6865,偉康科技,26.50,26.50,25.90,25.90,-0.60,10610,279324,16
2026-05-29,TPEx,6870,騰雲,253.00,278.00,253.00,266.00,+3.00,409947,109757332,6221
2026-05-29,TPEx,6872,浩宇生醫,17.75,18.50,17.40,17.40,-0.20,56000,987500,35
2026-05-29,TPEx,6874,倍力,78.70,79.00,77.20,79.00,+1.50,48013,3756819,46
2026-05-29,TPEx,6875,國邑*,37.00,37.00,35.60,36.30,+0.85,143603,5183385,102
2026-05-29,TPEx,6877,鏵友益,164.50,167.00,162.00,164.00,-1.00,297059,48854267,319
2026-05-29,TPEx,6881,潤德,270.50,270.50,270.00,270.50,-1.00,6324,1709125,14
2026-05-29,TPEx,6884,海柏特,33.35,33.45,33.15,33.15,+0.30,17000,567150,10
2026-05-29,TPEx,6894,衛司特,366.00,393.50,366.00,389.50,+29.50,438575,169147427,1372
2026-05-29,TPEx,6895,宏碩系統,151.50,151.50,145.50,145.50,-6.00,227954,33550980,492
2026-05-29,TPEx,6899,創為精密,66.60,67.10,64.90,65.40,+0.70,413087,27315232,430
2026-05-29,TPEx,6903,巨漢,405.00,406.00,390.50,397.00,-2.50,879939,348626229,1612
2026-05-29,TPEx,6904,伯鑫,,,,,,0,0,0
2026-05-29,TPEx,6907,雅特力-KY,120.00,123.00,115.50,121.50,+4.00,853018,101879332,1518
2026-05-29,TPEx,6910,德鴻,28.95,28.95,27.80,28.00,+0.65,51008,1435188,29
2026-05-29,TPEx,6913,鴻呈,144.00,146.00,140.50,141.00,-1.00,480059,68415231,519
2026-05-29,TPEx,6922,宸曜,195.00,201.00,194.00,199.00,+8.00,504381,99783871,523
2026-05-29,TPEx,6925,意藍,58.30,58.30,57.00,57.10,-0.70,66556,3808458,92
2026-05-29,TPEx,6929,佑全,22.10,22.15,21.65,21.65,+0.10,15500,339118,18
2026-05-29,TPEx,6953,家碩,240.00,243.00,238.00,242.00,+2.50,168542,40564519,293
2026-05-29,TPEx,6961,旅天下,60.00,60.20,59.70,60.10,+0.20,89562,5373353,94
2026-05-29,TPEx,6967,汎瑋材料,71.70,71.90,71.00,71.20,-0.10,80862,5782614,88
2026-05-29,TPEx,6968,萬達寵物,42.50,43.40,42.50,43.00,+0.35,122147,5255262,75
2026-05-29,TPEx,6971,惠民實業,27.10,27.20,26.80,27.20,-0.10,64241,1735270,59
2026-05-29,TPEx,6982,大井泵浦,56.00,56.00,55.10,55.40,+0.10,34532,1914614,55
2026-05-29,TPEx,6983,華洋精機,391.00,400.00,372.00,381.50,-3.50,157161,60104462,675
2026-05-29,TPEx,6996,力領科技,192.00,196.50,191.50,191.50,+2.50,222195,43019449,258
2026-05-29,TPEx,6997,博弘,68.50,71.50,68.50,71.50,+3.00,10529,738165,25
2026-05-29,TPEx,7402,邑錡,101.00,105.50,99.30,99.60,+1.60,545250,55470117,591
2026-05-29,TPEx,7547,碩網,61.70,61.80,60.80,60.90,-0.10,52803,3226887,61
2026-05-29,TPEx,7556,意德士,275.00,284.00,273.50,277.50,+5.00,144271,39956812,211
2026-05-29,TPEx,7584,樂意,24.35,24.50,24.00,24.50,+0.75,20693,501215,33
2026-05-29,TPEx,7642,昶瑞機電,65.40,66.60,65.40,66.30,+0.30,36647,2431444,47
2026-05-29,TPEx,7703,銳澤,208.50,210.50,206.00,206.50,0.00,434341,90145486,294
2026-05-29,TPEx,7704,明遠精密,60.60,60.60,58.70,60.10,-0.10,119101,7083612,130
2026-05-29,TPEx,7708,全家餐飲,92.00,92.40,92.00,92.40,+0.20,7706,710205,31
2026-05-29,TPEx,7709,榮田,110.50,110.50,110.50,110.50,+10.00,179772,19864797,155
2026-05-29,TPEx,7712,博盛半導體,165.00,172.50,164.00,167.00,+4.50,1095724,184899491,1519
2026-05-29,TPEx,7713,威力德生醫,66.90,67.70,66.90,67.20,+0.10,24178,1624998,31
2026-05-29,TPEx,7714,創泓科技,115.00,120.00,115.00,117.50,+3.00,110383,12951039,114
2026-05-29,TPEx,7715,裕山,27.70,28.00,27.70,28.00,0.00,21495,598380,24
2026-05-29,TPEx,7716,昱臺國際,,,,,,51,1326,2
2026-05-29,TPEx,7717,萊德光電-KY,638.00,690.00,628.00,690.00,+62.00,527947,350344752,1017
2026-05-29,TPEx,7718,友鋮,48.60,49.00,48.60,49.00,+0.50,14872,726905,26
2026-05-29,TPEx,7723,築間,22.55,23.45,22.50,22.80,+0.10,183985,4235155,144
2026-05-29,TPEx,7728,光焱科技,810.00,810.00,765.00,770.00,-8.00,144870,113371848,905
2026-05-29,TPEx,7734,印能科技,3845.00,3870.00,3450.00,3675.00,+5.00,235580,862743745,2602
2026-05-29,TPEx,7738,東聯互動,167.00,178.00,166.50,178.00,+12.00,112150,19445145,148
2026-05-29,TPEx,7743,金利食安,19.00,19.00,19.00,19.00,+0.50,3001,57020,3
2026-05-29,TPEx,7744,崴寶,489.00,498.00,486.50,492.00,+14.00,162093,79818918,283
2026-05-29,TPEx,7747,昕奇雲端,129.00,129.00,129.00,129.00,+1.50,1157,148525,68
2026-05-29,TPEx,7751,竑騰,1790.00,1840.00,1765.00,1765.00,+40.00,218586,395104900,997
2026-05-29,TPEx,7753,星亞,42.55,44.00,42.55,43.40,+1.00,27039,1165892,23
2026-05-29,TPEx,7757,金色三麥,104.50,105.50,104.50,104.50,+0.50,27277,2864257,74
2026-05-29,TPEx,7767,仁大資訊,42.90,42.90,42.50,42.50,-0.40,70659,3014524,61
2026-05-29,TPEx,7770,君曜,45.45,47.00,44.75,44.80,-0.40,39809,1816802,45
2026-05-29,TPEx,7772,耀穎,150.00,152.50,148.00,148.00,-3.50,262598,39470919,544
2026-05-29,TPEx,7777,能率亞洲,41.65,41.65,41.65,41.65,+3.75,9952202,414509146,3140
2026-05-29,TPEx,7782,光速火箭,25.85,25.85,25.40,25.65,-0.50,11227,287196,14
2026-05-29,TPEx,7792,安葆,274.00,281.50,274.00,281.50,+25.50,211583,59390111,133
2026-05-29,TPEx,7794,宏碁智新,28.10,28.90,28.10,28.90,+0.20,43334,1240435,41
2026-05-29,TPEx,7805,威聯通,790.00,810.00,790.00,797.00,+12.00,165397,132394032,2029
2026-05-29,TPEx,7810,捷創科技,228.00,239.50,228.00,232.00,+6.00,185300,43140113,294
2026-05-29,TPEx,7811,民盛,79.00,80.50,79.00,80.00,-0.30,13390,1068204,12
2026-05-29,TPEx,7819,精誠金融,46.30,46.55,45.15,45.50,-0.45,296357,13547177,303
2026-05-29,TPEx,7820,立盈,127.50,127.50,124.00,124.00,-2.50,105081,13233421,148
2026-05-29,TPEx,7828,創新服務,1470.00,1485.00,1330.00,1410.00,+10.00,503417,702939085,6322
2026-05-29,TPEx,7842,天能綠電,114.00,114.00,110.00,110.00,-0.50,51597,5725736,82
2026-05-29,TPEx,8024,佑華,12.70,12.70,12.45,12.50,-0.15,57734,722755,55
2026-05-29,TPEx,8027,鈦昇,255.00,259.50,252.50,258.50,+13.00,1291933,330821452,1981
2026-05-29,TPEx,8032,光菱,44.30,44.65,43.05,43.20,-0.80,315433,13735577,344
2026-05-29,TPEx,8034,榮群,23.95,23.95,23.65,23.90,+0.15,340928,8111232,282
2026-05-29,TPEx,8038,長園科,40.45,41.20,39.90,41.00,+1.10,397315,15991851,367
2026-05-29,TPEx,8040,九暘,110.00,114.00,109.50,111.50,+2.00,2380961,265119334,2145
2026-05-29,TPEx,8042,金山電,153.50,156.00,151.50,154.50,+3.00,719265,110564147,947
2026-05-29,TPEx,8043,蜜望實,134.00,141.00,127.00,141.00,+12.50,23028875,3131485447,19306
2026-05-29,TPEx,8044,網家,28.90,29.80,28.65,29.00,+0.15,2028026,59311173,1307
2026-05-29,TPEx,8047,星雲,43.45,43.45,42.10,43.30,-0.15,37256,1600587,33
2026-05-29,TPEx,8048,德勝,62.20,62.90,61.40,61.50,+0.10,252586,15615616,276
2026-05-29,TPEx,8049,晶采,27.35,27.35,26.60,26.95,-0.10,394461,10590348,287
2026-05-29,TPEx,8050,廣積,59.50,59.90,58.00,59.00,+0.80,2111730,123806128,1630
2026-05-29,TPEx,8054,安國,105.00,105.50,101.00,102.50,-1.00,2029093,208485924,1886
2026-05-29,TPEx,8059,凱碩,19.10,19.30,18.95,19.05,0.00,316370,6039202,218
2026-05-29,TPEx,8064,東捷,140.00,145.00,135.50,143.00,+10.00,13462606,1897518240,12460
2026-05-29,TPEx,8066,來思達,16.00,16.00,15.55,15.60,-0.30,31606,494504,251
2026-05-29,TPEx,8067,志旭,13.55,13.55,12.60,13.50,-0.05,13001,170162,10
2026-05-29,TPEx,8068,全達,19.75,20.05,19.75,19.80,+0.25,287573,5711964,175
2026-05-29,TPEx,8069,元太,240.00,243.00,220.00,220.00,-13.00,26732147,6015666060,35869
2026-05-29,TPEx,8071,能率網通,20.15,21.75,20.15,21.30,+1.45,4199449,88783297,2485
2026-05-29,TPEx,8074,鉅橡,77.20,77.70,74.70,74.70,-0.80,1783945,135513996,1663
2026-05-29,TPEx,8076,伍豐,23.85,24.30,23.80,24.10,+0.50,1299684,31266641,777
2026-05-29,TPEx,8077,洛碁,46.00,48.40,46.00,48.40,+1.65,8380,399984,13
2026-05-29,TPEx,8080,泰霖,27.25,29.40,27.00,29.00,+1.85,39164,1084676,57
2026-05-29,TPEx,8083,瑞穎,166.50,168.00,165.00,167.00,0.00,108263,17966251,172
2026-05-29,TPEx,8084,巨虹,50.00,50.00,46.05,47.40,+1.05,112862,5331710,111
2026-05-29,TPEx,8085,福華,11.00,11.30,10.90,11.05,+0.05,701779,7799266,300
2026-05-29,TPEx,8086,宏捷科,168.50,170.00,164.00,169.00,+3.50,5710658,954322106,6895
2026-05-29,TPEx,8087,麗升能源,33.50,33.70,32.45,32.95,+0.70,49207,1634385,57
2026-05-29,TPEx,8088,品安,61.20,62.20,60.50,60.60,+0.20,3863159,236381210,3170
2026-05-29,TPEx,8089,康全電訊,19.90,20.00,19.60,19.90,+0.15,160249,3172093,157
2026-05-29,TPEx,8091,翔名,259.50,262.00,257.50,260.50,+2.50,250453,65159294,436
2026-05-29,TPEx,8092,建暐,17.75,17.85,17.25,17.80,+0.20,151417,2644604,119
2026-05-29,TPEx,8093,保銳,18.00,18.10,17.50,18.10,+0.60,21847,388427,32
2026-05-29,TPEx,8096,擎亞,124.50,127.50,118.50,122.50,+1.50,13649458,1679446728,9025
2026-05-29,TPEx,8097,常珵,58.60,59.80,58.60,58.80,+1.00,109315,6456384,83
2026-05-29,TPEx,8099,大世科,61.40,61.50,60.40,61.30,+0.80,88321,5394895,100
2026-05-29,TPEx,8102,傑霖科技,62.00,67.40,61.70,67.10,+5.10,60891,3918860,107
2026-05-29,TPEx,8107,大億金茂,13.00,13.50,12.70,13.00,+0.70,1204622,15823333,782
2026-05-29,TPEx,8109,博大,126.50,127.00,124.00,125.50,-0.50,182424,22943356,232
2026-05-29,TPEx,8111,立碁,65.00,67.10,64.40,65.70,+1.30,1558406,101814693,1132
2026-05-29,TPEx,8121,越峰,41.00,41.60,40.00,40.45,+0.45,1575573,63905098,1981
2026-05-29,TPEx,8147,正淩,173.00,176.50,171.00,176.00,+6.00,453738,78962598,620
2026-05-29,TPEx,8155,博智,406.00,414.50,395.50,399.00,+5.50,1383995,559908388,2196
2026-05-29,TPEx,8171,天宇,23.20,23.80,23.20,23.65,+0.70,342318,8055299,229
2026-05-29,TPEx,8176,智捷,10.10,10.30,10.05,10.25,+0.25,215736,2194922,172
2026-05-29,TPEx,8182,加高,48.30,49.25,46.15,47.45,-0.05,5129487,243214700,3603
2026-05-29,TPEx,8183,精星,32.35,32.45,31.90,32.15,0.00,315226,10115661,271
2026-05-29,TPEx,8227,巨有科技,219.50,220.00,206.00,212.00,-0.50,1720700,365525345,2161
2026-05-29,TPEx,8234,新漢,69.40,72.40,68.80,71.90,+3.70,1342423,95989988,1070
2026-05-29,TPEx,8240,華宏,65.50,65.50,63.80,63.80,0.00,749135,47984290,819
2026-05-29,TPEx,8255,朋程,198.50,202.00,193.50,199.50,+15.00,7602671,1511220399,9148
2026-05-29,TPEx,8272,全景軟體,70.80,70.80,69.50,69.50,-0.10,21306,1491600,34
2026-05-29,TPEx,8277,商丞,8.30,8.61,8.11,8.61,+0.78,1717767,14707366,541
2026-05-29,TPEx,8279,生展,96.50,96.50,96.30,96.40,+0.10,17264,1664297,57
2026-05-29,TPEx,8284,三竹,63.00,63.60,63.00,63.00,-0.10,27050,1709485,27
2026-05-29,TPEx,8289,泰藝,76.00,78.00,70.60,74.20,-1.50,14038123,1036564721,10587
2026-05-29,TPEx,8291,尚茂,133.00,133.00,120.00,120.00,-13.00,883029,110058480,1005
2026-05-29,TPEx,8299,群聯,2530.00,2620.00,2525.00,2575.00,+125.00,6552345,16837066598,24592
2026-05-29,TPEx,8342,益張,88.80,89.50,88.80,89.50,-1.70,3369,299996,13
2026-05-29,TPEx,8349,恒耀,41.00,41.85,41.00,41.50,+0.70,417864,17360705,399
2026-05-29,TPEx,8349A,恒耀甲特,47.10,47.15,47.05,47.15,-0.05,7100,334400,6
2026-05-29,TPEx,8354,冠好,17.15,17.30,16.80,16.85,-0.25,1989902,32909766,152
2026-05-29,TPEx,8358,金居,579.00,608.00,565.00,608.00,+55.00,20728920,12363666680,22891
2026-05-29,TPEx,8383,千附,62.00,62.30,59.90,60.60,+0.60,1151715,70111746,987
2026-05-29,TPEx,8390,金益鼎,126.00,126.00,121.00,121.50,+0.50,870818,106821676,909
2026-05-29,TPEx,8401,白紗科,23.20,23.25,23.15,23.15,-0.05,40426,937134,35
2026-05-29,TPEx,8403,盛弘,19.30,19.45,19.20,19.45,+0.15,158931,3070523,251
2026-05-29,TPEx,8409,商之器,19.10,19.30,19.05,19.05,0.00,10061,192275,16
2026-05-29,TPEx,8410,森田,33.50,33.65,33.35,33.50,+0.15,28010,939040,22
2026-05-29,TPEx,8415,大國鋼,34.50,34.90,34.30,34.30,-0.20,492230,16956718,308
2026-05-29,TPEx,8416,實威,191.00,191.00,179.00,186.00,-3.00,127395,23915594,344
2026-05-29,TPEx,8421,旭源,13.85,13.85,13.00,13.35,0.00,90272,1199279,127
2026-05-29,TPEx,8423,保綠-KY,17.40,17.70,17.40,17.70,+0.30,54709,957826,57
2026-05-29,TPEx,8424,惠普,73.00,73.00,72.80,72.90,-0.10,50199,3660908,40
2026-05-29,TPEx,8426,紅木-KY,21.90,22.75,21.65,22.05,+0.45,34255,754697,45
2026-05-29,TPEx,8431,匯鑽科,56.20,56.80,55.50,55.90,0.00,489785,27430224,486
2026-05-29,TPEx,8432,東生華,50.00,50.70,49.85,50.70,+0.70,30168,1516161,30
2026-05-29,TPEx,8433,弘帆,52.40,52.40,51.90,52.00,+0.30,17501,909934,24
2026-05-29,TPEx,8435,鉅邁,54.70,56.00,54.00,56.00,+1.30,64796,3543179,102
2026-05-29,TPEx,8436,大江,119.50,120.00,118.50,119.50,-0.50,279757,33330053,303
2026-05-29,TPEx,8437,大地-KY,11.80,11.80,11.45,11.50,-0.05,27527,316768,53
2026-05-29,TPEx,8440,綠電,23.95,23.95,22.90,23.45,+0.05,397449,9281304,663
2026-05-29,TPEx,8444,綠河-KY,5.50,5.52,5.50,5.51,-0.09,35010,192914,23
2026-05-29,TPEx,8446,華研,86.50,87.40,85.80,85.80,+0.20,158618,13707555,276
2026-05-29,TPEx,8450,霹靂,15.50,15.85,15.20,15.50,0.00,65097,1000018,246
2026-05-29,TPEx,8455,大拓-KY,48.05,48.05,43.75,46.35,+2.65,323347,15158339,340
2026-05-29,TPEx,8472,夠麻吉,71.90,78.10,71.90,78.10,+7.10,147036,11381692,166
2026-05-29,TPEx,8477,創業家,21.00,21.00,18.85,19.80,-0.20,141525,2789000,141
2026-05-29,TPEx,8489,三貝德,22.65,23.00,22.55,22.90,+0.20,67294,1526158,126
2026-05-29,TPEx,8905,裕國,29.10,29.60,29.10,29.50,-0.50,5396,159349,25
2026-05-29,TPEx,8906,花王,24.30,24.45,23.70,24.05,-0.45,53644,1299545,51
2026-05-29,TPEx,8908,欣雄,40.80,40.85,40.50,40.85,+0.05,273815,11147924,153
2026-05-29,TPEx,8916,光隆,45.50,45.50,44.70,44.95,-0.20,180406,8089298,197
2026-05-29,TPEx,8917,欣泰,52.80,52.80,52.50,52.60,-0.70,7711,405692,14
2026-05-29,TPEx,8921,沈氏,18.50,18.50,18.50,18.50,0.00,2000,37000,2
2026-05-29,TPEx,8923,時報,19.30,19.55,19.00,19.55,-0.40,24000,462500,12
2026-05-29,TPEx,8924,大田,64.20,64.50,63.80,64.50,+0.90,493787,31654230,391
2026-05-29,TPEx,8927,北基,18.15,18.75,18.10,18.70,+0.55,462215,8521505,312
2026-05-29,TPEx,8928,鉅明,20.90,21.05,20.90,21.00,+0.10,46105,967760,23
2026-05-29,TPEx,8929,富堡,13.50,13.60,13.45,13.60,+0.05,60848,822855,218
2026-05-29,TPEx,8930,青鋼,28.50,28.50,28.25,28.45,0.00,72044,2040391,50
2026-05-29,TPEx,8931,大汽電,42.45,43.15,42.25,42.30,+0.15,57693,2452313,70
2026-05-29,TPEx,8932,智通*,98.60,103.00,98.50,100.50,+3.50,3644449,366479548,1958
2026-05-29,TPEx,8933,愛地雅,4.60,5.01,4.50,4.90,+0.17,643150,3115803,446
2026-05-29,TPEx,8935,邦泰,20.20,21.25,20.10,21.00,+1.15,929634,19199984,494
2026-05-29,TPEx,8936,國統,52.30,53.40,51.70,52.40,+1.10,6274827,329220419,3762
2026-05-29,TPEx,8937,合騏*,28.60,28.60,26.45,27.45,-0.75,767581,21010935,693
2026-05-29,TPEx,8938,明安,52.40,53.10,52.40,53.10,+0.50,232187,12259038,190
2026-05-29,TPEx,8941,關中,43.80,43.80,43.20,43.60,-0.20,9828,427406,18
2026-05-29,TPEx,8942,森鉅,41.45,42.20,41.25,41.70,+0.25,390427,16270623,327
2026-05-29,TPEx,9949,琉園,22.50,23.70,22.30,23.00,+0.40,119005,2748484,553
2026-05-29,TPEx,9950,萬國通,10.80,10.85,10.70,10.85,0.00,43182,464280,46
2026-05-29,TPEx,9951,皇田,53.00,53.00,52.60,52.80,+0.20,79469,4191192,103
2026-05-29,TPEx,9960,邁達康,29.40,30.40,29.40,30.00,-0.45,15686,469277,67
2026-05-29,TPEx,9962,有益,9.70,9.90,9.69,9.69,+0.08,64749,632087,62
